130,115,85,99
129,115,85,99
128,115,85,99
127,115,85,99
126,115,85,99
126,115,85,99
125,115,85,99
124,115,85,99
123,115,85,99
123,116,85,99
122,116,85,99
121,116,85,99
120,116,85,99
119,116,85,99
119,116,85,99
118,116,85,99
117,116,85,99
116,116,85,99
116,117,85,99
115,116,85,99
114,116,85,99
113,116,85,99
112,115,85,99
111,115,85,99
110,115,85,99
109,114,85,99
108,114,85,99
107,114,85,99
106,113,85,99
105,113,85,99
104,113,85,99
103,112,85,99
102,112,85,99
101,112,85,99
102,112,85,99
104,112,85,99
105,112,85,99
107,112,85,99
108,112,85,99
110,112,85,99
111,113,85,99
113,113,85,99
114,113,85,99
116,113,85,99
117,113,85,99
119,113,85,99
120,113,85,99
122,114,85,99
123,114,85,99
125,114,85,99
126,114,85,99
128,114,85,99
129,114,85,99
131,114,85,99
133,115,85,99
133,115,85,99
134,116,85,99
135,116,85,99
136,117,85,99
137,117,85,99
138,118,85,99
139,119,85,99
140,119,85,99
141,120,85,99
142,120,85,99
143,121,85,99
144,121,85,99
145,122,85,99
146,123,85,99
145,124,85,99
144,125,85,99
143,126,85,99
142,125,85,99
142,125,85,99
142,124,85,99
141,124,85,99
141,123,85,99
141,123,85,99
141,123,85,99
140,122,85,99
140,122,85,99
140,121,85,99
139,121,85,99
139,120,85,99
139,120,85,99
139,120,85,99
138,120,85,99
137,121,85,99
136,121,85,99
135,122,85,99
134,122,85,99
133,122,85,99
132,122,85,99
131,122,85,99
131,122,85,99
130,122,85,99
129,122,85,99
128,122,85,99
128,122,85,99
127,122,85,99
126,123,85,99
125,123,85,99
124,123,85,99
124,123,85,99
123,123,85,99
122,123,85,99
121,123,85,99
121,123,85,99
120,123,85,99
119,123,85,99
118,123,85,99
118,124,85,99
117,123,85,99
117,123,85,99
117,123,85,99
117,123,85,99
117,123,85,99
117,123,85,99
117,123,85,99
117,123,85,99
117,123,85,99
117,123,85,99
117,123,85,99
117,123,85,99
117,123,85,99
116,122,85,99
116,122,85,99
116,122,85,99
116,122,85,99
116,122,85,99
116,122,85,99
116,122,85,99
116,122,85,99
116,122,85,99
116,122,85,99
116,122,85,99
116,122,85,99
116,122,85,99
116,122,85,99
115,121,85,99
115,121,85,99
115,121,85,99
115,121,85,99
115,121,85,99
115,121,85,99
115,121,85,99
115,121,85,99
115,121,85,99
115,121,85,99
115,121,85,99
115,121,85,99
115,121,85,99
114,120,85,99
114,120,85,99
114,120,85,99
114,120,85,99
114,120,85,99
114,120,85,99
114,120,85,99
114,120,85,99
114,120,85,99
114,120,85,99
114,120,85,99
114,120,85,99
114,120,85,99
114,120,85,99
114,120,85,99
114,120,85,99
114,120,85,99
114,121,85,99
114,121,85,99
114,121,85,99
114,122,85,99
114,122,85,99
114,122,85,99
114,122,85,99
114,123,85,99
114,123,85,99
114,123,85,99
114,124,85,99
114,124,85,99
114,124,85,99
114,124,85,99
114,125,85,99
114,125,85,99
114,125,85,99
114,126,85,99
114,126,85,99
115,126,85,99
115,126,85,99
115,127,85,99
115,127,85,99
115,127,85,99
115,128,85,99
115,128,85,99
115,128,85,99
115,128,85,99
115,129,85,99
115,129,85,99
115,129,85,99
115,130,85,99
115,130,85,99
115,130,85,99
115,130,85,99
115,131,85,99
115,131,85,99
115,131,85,99
115,132,85,99
115,132,85,99
115,132,85,99
116,133,85,99
116,133,85,99
116,134,85,99
116,134,85,99
116,135,85,99
116,135,85,99
116,136,85,99
116,134,85,99
116,133,85,99
116,132,85,99
116,131,85,99
116,130,85,99
116,127,85,99
116,124,85,99
116,121,85,99
117,118,85,99
117,115,85,99
117,112,85,99
117,109,85,99
118,107,85,99
118,105,85,99
119,104,85,99
119,103,85,99
120,102,85,99
120,101,85,99
121,100,85,99
120,100,85,99
119,100,85,99
118,100,85,99
117,100,85,99
116,101,85,99
116,101,85,99
116,102,85,99
116,103,85,99
116,103,85,99
116,104,85,99
117,105,85,99
117,106,85,99
117,106,85,99
117,107,85,99
117,108,85,99
118,108,85,99
118,109,85,99
118,110,85,99
118,111,85,99
118,111,85,99
119,112,85,99
119,113,85,99
119,113,85,99
119,114,85,99
119,115,85,99
120,116,85,99
120,116,85,99
120,116,85,99
120,116,85,99
120,116,85,99
120,116,85,99
120,116,85,99
120,117,85,99
120,117,85,99
120,117,85,99
120,117,85,99
120,117,85,99
120,117,85,99
120,118,85,99
119,118,85,99
118,118,85,99
118,119,85,99
117,119,85,99
117,119,85,99
116,120,85,99
116,120,85,99
115,121,85,99
115,121,85,99
114,121,85,99
113,122,85,99
113,122,85,99
112,123,85,99
112,123,85,99
111,123,85,99
111,124,85,99
110,124,85,99
110,125,85,99
110,124,85,99
111,124,85,99
112,124,85,99
113,124,85,99
113,124,85,99
114,124,85,99
115,124,85,99
116,124,85,99
115,124,85,99
115,124,85,99
115,124,84,99
114,124,85,99
114,125,85,98
114,125,84,98
113,125,85,98
113,125,85,98
113,125,84,98
113,126,84,97
112,126,85,97
112,126,84,97
112,126,84,97
111,126,85,97
111,127,84,96
111,127,84,96
111,127,84,96
110,127,84,96
110,127,84,96
110,128,83,95
109,128,84,95
109,128,84,95
109,128,83,95
108,128,84,95
108,129,84,94
108,129,83,94
108,129,83,94
107,129,84,94
107,129,83,94
107,130,83,93
106,130,84,93
106,130,83,93
106,130,83,93
106,131,83,92
104,130,83,92
103,130,83,92
102,130,83,92
101,130,83,92
99,130,83,92
98,130,83,92
97,130,83,92
96,130,83,92
94,129,83,92
93,129,83,92
92,129,83,92
91,129,83,92
89,129,83,92
88,129,83,92
87,129,83,92
86,129,83,92
85,129,83,92
85,129,83,92
85,129,83,92
85,129,83,92
85,129,83,92
86,129,83,92
86,129,83,92
86,129,83,92
86,129,83,92
86,129,83,92
87,129,83,92
87,129,83,92
87,129,83,92
87,129,83,92
88,129,83,92
88,129,83,92
88,129,83,92
88,129,83,92
88,129,83,92
89,129,83,92
89,129,83,92
89,129,83,92
89,129,83,92
89,129,83,92
90,129,83,92
90,129,83,92
90,129,83,92
90,129,83,92
91,129,83,92
91,128,83,92
91,128,83,92
92,128,83,92
92,127,83,92
93,127,83,92
93,127,83,92
94,126,83,92
94,126,83,92
94,126,83,92
95,125,83,92
95,125,83,92
96,125,83,92
96,124,83,92
97,124,83,92
97,124,83,92
97,123,83,92
98,123,83,92
98,123,83,92
99,122,83,92
99,122,83,92
100,122,83,92
100,122,83,92
100,122,83,92
101,122,83,92
101,122,83,92
102,122,83,92
102,122,83,92
103,122,83,92
103,122,83,92
104,122,83,92
104,122,83,92
105,122,83,92
105,122,83,92
106,122,83,92
105,122,83,92
105,123,83,92
105,124,83,92
104,125,83,92
104,126,83,92
104,127,83,92
103,128,83,92
103,129,83,92
103,130,83,92
102,131,83,92
102,132,83,92
102,133,83,92
102,134,83,92
102,134,83,92
102,134,83,92
102,134,83,92
102,134,83,92
103,134,83,92
103,134,83,92
103,134,83,92
103,134,83,92
104,134,83,92
104,134,83,92
104,134,83,92
104,134,83,92
105,134,83,92
105,134,83,92
105,134,83,92
105,134,83,92
106,134,83,92
106,134,83,92
106,134,83,92
106,134,83,92
107,134,83,92
107,134,83,92
107,134,83,92
107,134,83,92
108,135,83,92
107,135,83,92
107,135,83,92
107,135,83,92
107,135,83,92
107,135,83,92
107,135,83,92
107,135,83,92
107,135,83,92
107,135,83,92
107,135,83,92
106,135,83,92
106,135,83,92
106,135,83,92
106,135,83,92
106,135,83,92
106,135,83,92
106,135,83,92
106,135,83,92
106,135,83,92
106,135,83,92
106,135,83,92
105,135,83,92
105,135,83,92
105,135,83,92
105,135,83,92
105,135,83,92
105,135,83,92
105,135,83,92
105,135,83,92
105,135,83,92
105,135,83,92
104,135,83,92
104,135,83,92
104,135,83,92
104,135,83,92
104,135,83,92
104,135,83,92
104,135,83,92
104,135,83,92
104,135,83,92
104,135,83,92
104,135,83,92
104,135,83,92
104,135,83,92
105,135,83,92
105,135,83,92
105,135,83,92
106,135,83,92
106,135,83,92
106,135,83,92
107,135,83,92
107,135,83,92
107,135,83,92
108,135,83,92
108,135,83,92
108,135,83,92
109,135,83,92
109,136,83,92
110,136,83,92
110,136,83,92
110,136,83,92
111,136,83,92
111,136,83,92
111,136,83,92
112,136,83,92
112,136,83,92
112,136,83,92
113,136,83,92
113,136,83,92
113,136,83,92
114,136,83,92
114,136,83,92
115,137,83,92
114,137,83,92
114,137,83,92
114,137,83,92
114,137,83,92
114,137,83,92
114,137,83,92
113,137,83,92
113,137,83,92
113,137,83,92
113,137,83,92
113,137,83,92
113,137,83,92
112,137,83,92
112,137,83,92
112,137,83,92
112,137,83,92
112,137,83,92
112,137,83,92
111,137,83,92
111,137,83,92
111,137,83,92
111,137,83,92
111,137,83,92
111,137,83,92
110,137,83,92
110,137,83,92
110,137,83,92
110,137,83,92
110,137,83,92
110,137,83,92
109,137,83,92
109,137,83,92
109,137,83,92
109,137,83,92
109,137,83,92
109,137,83,92
109,137,83,92
109,137,83,92
109,137,83,92
109,137,83,92
109,137,83,92
109,137,83,92
109,137,83,92
110,137,83,92
110,137,83,92
110,137,83,92
110,137,83,92
110,137,83,92
110,137,83,92
110,137,83,92
111,137,83,92
111,137,83,92
111,137,83,92
111,137,83,92
111,137,83,92
111,137,83,92
111,137,83,92
112,137,83,92
112,137,83,92
112,137,83,92
112,137,83,92
112,137,83,92
112,137,83,92
112,137,83,92
113,137,83,92
113,137,83,92
113,137,83,92
113,137,83,92
113,137,83,92
113,137,83,92
113,137,83,92
114,137,83,92
114,137,83,92
114,137,83,92
114,137,83,92
114,137,83,92
113,136,84,93
113,135,84,94
113,135,84,95
113,134,84,96
113,134,84,96
113,133,84,98
113,133,84,98
112,132,85,99
112,131,85,101
112,131,85,101
112,130,86,102
112,130,86,103
112,129,86,104
112,129,86,104
111,128,87,106
111,127,87,107
111,127,87,107
111,126,87,109
111,126,87,109
111,125,87,110
111,125,88,111
110,125,88,111
110,125,88,111
110,125,88,111
110,125,88,111
110,125,88,111
109,125,88,111
109,125,88,111
109,125,88,111
109,125,88,111
109,125,88,111
108,125,88,111
108,125,88,111
108,125,88,111
108,125,88,111
108,125,88,111
108,125,88,111
107,125,88,111
107,125,88,111
107,125,88,111
107,125,88,111
107,125,88,111
106,125,88,111
106,125,88,111
106,125,88,111
106,125,88,111
106,125,88,111
105,125,88,111
105,125,88,111
105,125,88,111
105,125,88,111
105,125,88,111
105,125,88,111
105,125,88,111
105,125,88,111
105,125,88,111
105,125,88,111
106,125,88,111
106,125,88,111
106,125,88,111
106,125,88,111
106,125,88,111
107,125,88,111
107,125,88,111
107,125,88,111
107,125,88,111
108,126,88,111
106,125,88,111
105,125,88,111
104,125,88,111
103,125,88,111
101,124,88,111
100,124,88,111
99,124,88,111
98,124,88,111
96,123,88,111
95,123,88,111
94,123,88,111
93,123,88,111
91,122,88,111
90,122,88,111
89,122,88,111
88,122,88,111
86,121,88,111
85,121,88,111
84,121,88,111
83,121,88,111
82,120,88,111
81,120,88,111
81,120,88,111
80,120,88,111
80,119,88,111
79,119,88,111
79,119,88,111
78,119,88,111
77,118,88,111
77,118,88,111
76,118,88,111
76,118,88,111
75,117,88,111
75,117,88,111
74,117,88,111
74,117,88,111
74,116,88,111
74,116,88,111
74,116,88,111
74,116,88,111
74,116,88,111
74,115,88,111
75,115,88,111
75,115,88,111
75,115,88,111
75,115,88,111
75,114,88,111
75,114,88,111
75,114,88,111
76,114,88,111
76,114,88,111
76,113,88,111
76,113,88,111
76,113,88,111
76,113,88,111
76,113,88,111
77,113,88,111
77,112,88,111
78,112,88,111
79,112,88,111
80,111,88,111
81,111,88,111
82,111,88,111
83,111,88,111
83,110,88,111
84,110,88,111
85,110,88,111
86,110,88,111
87,109,88,111
88,109,88,111
89,109,88,111
90,109,88,111
90,108,88,111
91,108,88,111
92,108,88,111
93,108,88,111
94,107,88,111
95,107,88,111
96,107,88,111
97,107,88,111
97,106,88,111
97,106,88,111
97,105,88,111
97,105,88,111
97,105,88,111
97,104,88,111
97,104,88,111
97,104,88,111
97,103,88,111
97,103,88,111
97,102,88,111
97,102,88,111
97,102,88,111
97,101,88,111
97,101,88,111
97,101,88,111
97,100,88,111
97,100,88,111
98,100,88,111
98,100,88,111
98,100,88,111
98,101,88,111
98,101,88,111
98,101,88,111
99,102,88,111
99,102,88,111
99,102,88,111
99,103,88,111
99,103,88,111
99,103,88,111
100,104,88,111
100,104,88,111
101,104,88,111
101,104,88,111
102,104,88,111
102,104,88,111
103,104,88,111
103,104,88,111
104,104,88,111
104,104,88,111
105,104,88,111
105,104,88,111
106,104,88,111
106,104,88,111
107,104,88,111
107,104,88,111
108,104,88,111
108,104,88,111
109,104,88,111
109,104,88,111
110,104,88,111
110,104,88,111
111,104,88,111
111,104,88,111
112,104,88,111
112,104,88,111
113,104,88,111
113,104,88,111
114,104,88,111
115,105,88,111
116,105,88,111
117,105,88,111
118,106,88,111
119,106,88,111
120,106,88,111
121,107,88,111
123,107,88,111
124,107,88,111
125,108,88,111
126,108,88,111
127,108,88,111
128,109,88,111
130,109,88,111
131,110,88,111
132,110,88,111
133,110,88,111
134,111,88,111
135,111,88,111
137,111,88,111
138,112,88,111
139,112,88,111
140,112,88,111
141,113,88,111
142,113,88,111
144,114,88,111
145,113,88,111
146,112,88,111
147,111,88,111
148,111,88,111
147,111,88,111
147,111,88,111
147,111,88,111
147,111,88,111
147,111,88,111
147,111,88,111
147,111,88,111
146,111,88,111
146,111,88,111
146,111,88,111
146,111,88,111
146,111,88,111
146,111,88,111
146,111,88,111
146,112,88,111
144,112,88,111
143,112,88,111
142,112,88,111
141,112,88,111
140,112,88,111
139,112,88,111
138,112,88,111
137,112,88,111
136,112,88,111
135,113,88,111
134,113,88,111
133,113,88,111
132,113,88,111
131,113,88,111
130,113,88,111
129,113,88,111
128,113,88,111
127,113,88,111
126,114,88,111
124,113,88,111
122,112,88,111
121,111,88,111
119,110,88,111
118,110,88,111
116,109,88,111
115,108,88,111
113,107,88,111
112,107,88,111
112,107,88,111
112,108,88,111
112,109,88,111
113,110,88,111
113,111,88,111
113,112,88,111
114,113,88,111
114,114,88,111
114,115,88,111
115,116,88,111
115,116,88,111
115,116,88,111
115,116,88,111
115,116,88,111
115,116,88,111
115,116,88,111
115,116,88,111
115,116,88,111
115,116,88,111
