0,0,0,0
0,0,0,0
92,122,52,52
93,122,52,52
90,121,52,52
92,121,52,52
149,68,76,76
94,122,50,50
89,119,55,55
91,123,50,50
84,120,57,57
88,123,55,55
82,121,59,59
89,125,50,50
83,122,58,58
40,90,116,116
85,126,52,52
88,124,52,52
41,81,125,125
42,78,125,125
93,115,52,52
95,114,52,52
96,113,52,52
98,115,52,52
99,117,52,52
98,118,52,52
96,118,52,52
95,119,52,52
93,120,52,52
91,120,52,52
87,117,52,52
85,116,52,52
83,114,52,52
82,113,52,52
81,113,52,52
61,103,78,78
62,105,72,72
69,109,64,64
74,111,61,61
79,114,56,56
80,114,58,58
84,117,53,53
92,118,52,52
94,118,52,52
147,80,58,58
144,80,58,58
142,79,58,58
142,78,58,58
141,78,58,58
144,84,55,55
142,82,55,55
143,81,55,55
142,80,55,55
142,81,55,55
142,82,55,55
139,84,55,55
138,85,55,55
138,85,55,55
137,84,55,55
138,81,55,55
141,78,55,55
143,74,55,55
108,114,46,46
105,113,50,50
103,113,48,48
102,112,48,48
98,112,52,52
98,115,49,49
96,115,52,52
95,116,53,53
96,118,52,52
96,118,52,52
94,117,52,52
98,117,51,51
98,116,51,51
100,114,50,50
98,112,50,50
99,110,52,52
97,110,52,52
96,111,51,51
95,112,51,51
94,112,51,51
177,84,50,50
93,112,50,50
94,112,49,49
94,114,47,47
95,113,46,46
95,113,49,49
94,111,50,50
93,111,50,50
90,114,48,48
88,113,48,48
89,112,48,48
91,114,48,48
93,117,48,48
94,118,48,48
96,119,48,48
97,119,48,48
97,118,48,48
99,118,48,48
102,118,48,48
102,115,48,48
157,85,52,52
158,84,52,52
157,84,52,52
154,83,52,52
155,82,52,52
219,58,51,51
217,58,52,52
214,58,52,52
212,61,52,52
205,42,52,52
206,43,52,52
203,41,52,52
181,81,58,58
184,81,58,58
185,77,62,62
186,80,60,60
190,85,53,53
192,88,49,49
189,84,57,57
191,89,54,54
195,96,49,49
195,93,55,55
195,95,52,52
191,88,57,57
188,82,62,62
182,76,66,66
179,73,66,66
176,69,66,66
174,65,66,66
179,83,48,48
176,84,48,48
171,86,48,48
166,87,48,48
162,87,48,48
160,88,48,48
156,87,48,48
155,86,48,48
158,81,53,53
157,80,53,53
156,80,53,53
156,79,53,53
157,78,53,53
158,77,53,53
159,78,53,53
158,78,53,53
156,76,53,53
157,75,53,53
158,74,53,53
175,82,57,57
179,82,57,57
181,81,56,56
182,78,57,57
184,80,55,55
184,83,55,55
183,84,55,55
182,84,55,55
182,84,55,55
187,94,50,50
182,92,55,55
179,93,55,55
180,91,57,57
176,84,62,62
177,90,57,57
179,89,55,55
178,82,59,59
176,80,60,60
170,75,64,64
169,76,63,63
164,76,68,68
163,75,70,70
160,77,70,70
157,79,70,70
154,78,70,70
149,75,70,70
145,72,70,70
143,71,70,70
141,70,70,70
141,71,70,70
141,72,70,70
144,72,70,70
147,73,70,70
148,76,70,70
150,78,70,70
152,81,70,70
154,83,70,70
157,83,70,70
160,81,70,70
163,79,70,70
165,78,70,70
167,74,70,70
170,71,70,70
163,69,70,70
165,68,70,70
110,123,48,48
107,123,54,54
106,125,52,52
105,125,50,50
103,125,52,52
104,125,52,52
103,125,52,52
105,128,48,48
105,125,51,51
107,121,56,56
109,122,50,50
211,85,58,58
211,85,61,61
212,85,60,60
209,84,60,60
207,83,60,60
207,81,60,60
121,115,52,52
122,115,53,53
118,113,56,56
201,81,62,62
198,81,65,65
112,118,54,54
112,118,55,55
198,83,64,64
195,82,64,64
193,81,64,64
191,81,64,64
189,81,64,64
27,87,93,93
197,85,65,65
198,85,65,65
29,89,93,93
23,87,93,93
17,85,93,93
112,123,48,48
110,120,48,48
108,120,52,52
216,86,51,51
219,80,57,57
220,79,61,61
10,82,110,110
17,83,110,110
236,93,57,57
92,124,48,48
229,95,67,67
234,98,60,60
234,98,60,60
237,98,60,60
237,98,60,60
237,98,60,60
236,98,60,60
232,96,60,60
231,92,60,60
230,92,60,60
44,132,26,26
228,94,68,68
223,94,68,68
219,93,68,68
217,91,68,68
212,88,68,68
208,82,68,68
217,83,59,59
261,110,50,50
217,71,65,65
220,72,65,65
222,76,65,65
231,83,66,66
61,133,25,25
241,92,59,59
53,140,26,26
251,95,60,60
257,91,56,56
36,135,26,26
262,82,55,55
265,77,55,55
266,72,55,55
266,69,55,55
264,70,55,55
258,73,55,55
252,74,55,55
248,74,55,55
245,72,55,55
264,78,55,55
263,77,56,56
262,75,56,56
264,74,56,56
262,73,56,56
261,72,56,56
265,73,52,52
265,71,52,52
267,70,52,52
266,70,52,52
263,73,54,54
260,72,56,56
260,71,58,58
261,71,58,58
261,73,58,58
84,119,46,46
263,77,56,56
256,78,56,56
250,79,56,56
241,81,63,63
234,80,64,64
232,83,58,58
221,80,58,58
217,80,56,56
212,78,58,58
208,77,58,58
206,76,58,58
203,76,58,58
200,77,58,58
197,76,58,58
197,82,65,65
193,79,66,66
188,78,64,64
185,77,63,63
178,74,68,68
172,75,61,61
162,72,60,60
154,71,57,57
146,67,62,62
138,64,64,64
138,65,63,63
134,67,64,64
130,68,63,63
130,69,60,60
134,72,55,55
133,73,56,56
130,75,59,59
125,75,62,62
131,77,57,57
135,76,57,57
136,77,59,59
136,77,59,59
135,76,65,65
139,76,65,65
144,77,63,63
147,78,65,65
218,106,42,42
162,84,58,58
163,81,65,65
34,126,52,52
168,76,62,62
168,71,60,60
162,63,71,71
165,63,67,67
165,62,67,67
162,64,67,67
162,68,71,71
165,80,71,71
167,89,71,71
172,95,76,76
176,102,76,76
182,107,76,76
184,110,76,76
196,118,69,69
199,116,69,69
201,114,69,69
206,113,66,66
201,110,74,74
197,108,75,75
199,108,69,69
196,101,69,69
194,96,69,69
188,93,64,64
185,89,58,58
177,84,63,63
178,85,60,60
174,85,59,59
171,86,58,58
170,87,57,57
168,89,58,58
166,91,59,59
164,92,61,61
163,93,57,57
161,94,53,53
162,92,51,51
159,91,53,53
157,87,55,55
156,85,55,55
153,82,55,55
153,80,55,55
155,77,55,55
157,75,55,55
164,76,55,55
165,79,55,55
181,90,54,54
187,92,54,54
195,96,53,53
194,95,57,57
202,95,53,53
205,93,53,53
207,89,53,53
202,88,51,51
199,85,52,52
194,82,56,56
197,85,47,47
195,85,47,47
192,86,47,47
191,87,47,47
188,87,47,47
178,84,63,63
175,83,63,63
178,87,58,58
174,85,58,58
172,81,58,58
172,77,58,58
170,74,58,58
170,72,58,58
170,73,58,58
169,75,58,58
168,77,58,58
169,79,58,58
169,81,58,58
169,82,58,58
168,82,58,58
168,81,58,58
169,79,58,58
171,77,58,58
172,73,58,58
174,70,58,58
190,81,57,57
197,82,57,57
207,87,53,53
211,91,55,55
216,95,53,53
218,97,53,53
210,93,69,69
207,93,69,69
203,92,69,69
197,90,69,69
190,87,69,69
185,84,69,69
180,81,69,69
191,91,55,55
190,88,55,55
190,87,55,55
191,88,55,55
194,90,55,55
198,92,55,55
203,102,50,50
204,102,50,50
208,102,50,50
206,100,50,50
209,21,32,32
199,94,50,50
198,91,50,50
191,89,50,50
186,87,56,56
182,87,56,56
177,87,56,56
174,86,56,56
172,83,56,56
170,80,56,56
166,77,56,56
163,74,56,56
163,70,56,56
162,66,56,56
164,62,56,56
174,70,52,52
176,74,50,50
176,77,50,50
175,77,55,55
174,78,55,55
169,81,55,55
163,81,52,52
154,78,52,52
149,76,50,50
142,72,52,52
135,65,55,55
131,62,50,50
131,58,52,52
127,56,54,54
129,58,50,50
130,59,50,50
131,60,54,54
132,60,56,56
138,61,54,54
142,64,52,52
142,61,60,60
148,63,56,56
151,64,55,55
150,62,58,58
152,61,57,57
155,64,56,56
154,65,61,61
158,71,57,57
158,73,57,57
159,74,58,58
160,75,60,60
165,76,58,58
167,76,59,59
168,71,61,61
170,69,59,59
172,65,59,59
167,61,62,62
166,62,61,61
163,64,64,64
160,67,65,65
159,69,64,64
162,71,60,60
163,71,60,60
163,70,58,58
165,64,61,61
172,64,60,60
175,61,60,60
181,62,60,60
182,67,60,60
172,71,60,60
161,79,60,60
153,81,60,60
142,81,60,60
133,80,60,60
127,78,60,60
183,65,56,56
183,62,56,56
185,60,56,56
187,57,56,56
198,62,52,52
198,65,52,52
192,67,62,62
188,74,63,63
182,79,63,63
172,81,62,62
160,77,63,63
150,73,62,62
140,68,62,62
137,63,62,62
135,60,62,62
133,56,62,62
134,57,62,62
138,64,59,59
138,68,63,63
140,72,63,63
141,80,62,62
140,84,62,62
141,84,62,62
143,80,62,62
145,74,62,62
147,70,62,62
152,69,63,63
155,72,60,60
157,76,58,58
158,78,58,58
155,77,67,67
152,84,65,65
153,88,60,60
151,89,60,60
146,88,60,60
143,85,60,60
142,80,60,60
140,72,60,60
138,66,60,60
139,61,60,60
141,58,60,60
141,59,60,60
141,62,60,60
140,66,60,60
138,71,60,60
137,74,60,60
136,75,60,60
134,75,60,60
134,75,60,60
135,74,60,60
138,72,60,60
144,69,60,60
150,65,60,60
156,62,60,60
163,60,60,60
168,61,60,60
172,65,60,60
175,68,60,60
