0,0,0,0
91,122,52,52
117,148,52,52
118,148,52,52
89,120,52,52
114,146,52,52
150,67,76,76
93,122,50,50
87,118,55,55
89,123,50,50
80,121,57,57
85,124,55,55
79,120,59,59
89,123,50,50
85,122,58,58
40,91,116,116
97,148,116,116
101,147,116,116
43,78,125,125
42,73,125,125
106,132,125,125
109,131,125,125
110,131,125,125
111,132,125,125
112,134,125,125
111,136,125,125
108,136,125,125
107,137,125,125
105,138,125,125
102,137,125,125
98,135,125,125
96,135,125,125
95,134,125,125
94,133,125,125
93,134,125,125
61,102,78,78
62,105,72,72
68,108,64,64
75,110,61,61
81,114,56,56
82,114,58,58
86,117,53,53
114,144,53,53
117,144,53,53
144,80,58,58
170,110,58,58
169,109,58,58
169,109,58,58
169,109,58,58
141,82,55,55
168,108,55,55
170,108,55,55
170,108,55,55
171,110,55,55
171,112,55,55
170,115,55,55
170,118,55,55
171,119,55,55
171,119,55,55
173,117,55,55
177,114,55,55
180,112,55,55
105,111,46,46
101,112,50,50
100,111,48,48
100,111,48,48
95,113,52,52
95,115,49,49
95,117,52,52
93,116,53,53
97,118,52,52
95,118,52,52
93,116,52,52
99,116,51,51
99,114,51,51
99,111,50,50
97,109,50,50
100,108,52,52
95,109,52,52
93,111,51,51
93,112,51,51
92,112,51,51
175,83,50,50
92,110,50,50
93,111,49,49
92,113,47,47
95,111,46,46
94,112,49,49
93,110,50,50
93,111,50,50
88,115,48,48
110,138,48,48
112,137,48,48
114,140,48,48
117,144,48,48
119,145,48,48
122,147,48,48
123,148,48,48
124,147,48,48
127,148,48,48
130,148,48,48
130,145,48,48
157,84,52,52
185,110,52,52
184,110,52,52
180,109,52,52
180,108,52,52
217,58,51,51
213,58,52,52
237,84,52,52
238,81,52,52
239,87,52,52
232,71,52,52
229,70,52,52
183,81,58,58
216,110,58,58
186,76,62,62
186,78,60,60
190,82,53,53
191,87,49,49
190,85,57,57
191,92,54,54
195,97,49,49
196,94,55,55
194,94,52,52
189,86,57,57
185,78,62,62
177,73,66,66
207,104,66,66
205,101,66,66
204,97,66,66
177,82,48,48
199,108,48,48
195,111,48,48
190,112,48,48
187,112,48,48
185,113,48,48
182,113,48,48
182,111,48,48
157,78,53,53
183,105,53,53
183,105,53,53
184,106,53,53
186,105,53,53
188,105,53,53
187,110,53,53
187,111,53,53
184,111,53,53
182,109,53,53
181,110,53,53
176,80,57,57
182,80,57,57
182,78,56,56
181,75,57,57
185,80,55,55
183,85,55,55
211,114,55,55
210,115,55,55
210,117,55,55
186,95,50,50
180,93,55,55
206,122,55,55
178,91,57,57
175,83,62,62
175,88,57,57
178,86,55,55
178,77,59,59
175,77,60,60
167,74,64,64
165,75,63,63
161,76,68,68
161,75,70,70
194,112,70,70
192,114,70,70
189,114,70,70
184,112,70,70
181,110,70,70
179,110,70,70
178,109,70,70
178,110,70,70
178,112,70,70
182,112,70,70
186,114,70,70
187,117,70,70
190,120,70,70
192,123,70,70
194,126,70,70
198,126,70,70
201,125,70,70
204,124,70,70
206,124,70,70
208,121,70,70
209,118,70,70
207,117,70,70
206,120,70,70
106,122,48,48
105,124,54,54
104,126,52,52
102,125,50,50
102,125,52,52
105,125,52,52
130,151,52,52
105,127,48,48
105,123,51,51
109,119,56,56
108,120,50,50
208,85,58,58
211,84,61,61
211,85,60,60
239,115,60,60
238,114,60,60
238,113,60,60
116,115,52,52
128,114,53,53
111,112,56,56
199,80,62,62
194,83,65,65
111,119,54,54
102,116,55,55
198,82,64,64
228,114,64,64
226,114,64,64
225,114,64,64
224,114,64,64
23,86,93,93
199,85,65,65
233,119,65,65
22,88,93,93
64,134,93,93
60,133,93,93
110,120,48,48
133,142,48,48
107,120,52,52
218,84,51,51
224,77,57,57
102,119,48,48
19,83,110,110
82,140,110,110
236,96,57,57
86,125,48,48
229,96,67,67
234,99,60,60
264,129,60,60
268,130,60,60
268,130,60,60
268,131,60,60
268,131,60,60
265,129,60,60
264,126,60,60
264,126,60,60
41,134,26,26
224,95,68,68
254,129,68,68
251,129,68,68
249,127,68,68
245,124,68,68
241,118,68,68
217,76,59,59
264,106,50,50
220,66,65,65
256,101,65,65
259,105,65,65
234,87,66,66
58,134,25,25
244,94,59,59
48,144,26,26
256,94,60,60
260,86,56,56
28,131,26,26
266,77,55,55
298,100,55,55
301,96,55,55
301,94,55,55
300,95,55,55
296,99,55,55
292,101,55,55
290,102,55,55
289,102,55,55
263,75,55,55
261,75,56,56
262,73,56,56
292,101,56,56
290,100,56,56
290,99,56,56
265,71,52,52
291,95,52,52
293,95,52,52
293,95,52,52
263,72,54,54
258,72,56,56
259,71,58,58
289,101,58,58
262,74,58,58
87,119,46,46
261,78,56,56
250,79,56,56
243,81,56,56
233,82,63,63
228,79,64,64
227,81,58,58
212,78,58,58
212,80,56,56
205,77,58,58
231,106,58,58
228,105,58,58
224,107,58,58
221,108,58,58
218,108,58,58
194,80,65,65
189,78,66,66
182,76,64,64
179,75,63,63
172,73,68,68
163,72,61,61
152,68,60,60
145,67,57,57
138,65,62,62
132,62,64,64
134,63,63,63
130,68,64,64
126,68,63,63
128,68,60,60
134,72,55,55
132,75,56,56
127,77,59,59
123,75,62,62
134,76,57,57
138,75,57,57
137,77,59,59
135,78,59,59
135,75,65,65
142,74,65,65
148,76,63,63
151,78,65,65
222,108,42,42
167,85,58,58
165,80,65,65
33,123,52,52
170,71,62,62
167,66,60,60
160,58,71,71
166,59,67,67
164,60,67,67
196,96,67,67
162,74,71,71
168,90,71,71
203,132,71,71
182,103,76,76
223,148,76,76
228,153,76,76
227,156,76,76
202,121,69,69
242,156,69,69
244,155,69,69
208,112,66,66
199,109,74,74
192,105,75,75
196,104,69,69
229,133,69,69
188,89,69,69
182,87,64,64
178,83,58,58
171,79,63,63
175,83,60,60
169,85,59,59
167,86,58,58
167,87,57,57
166,91,58,58
165,93,59,59
160,92,61,61
160,92,57,57
156,93,53,53
160,89,51,51
157,88,53,53
155,84,55,55
182,111,55,55
181,109,55,55
182,108,55,55
185,106,55,55
188,105,55,55
196,108,55,55
199,112,55,55
187,93,54,54
220,123,54,54
199,97,53,53
197,93,57,57
205,92,53,53
206,90,53,53
205,85,53,53
198,84,51,51
195,83,52,52
192,80,56,56
194,83,47,47
217,108,47,47
215,110,47,47
215,112,47,47
213,114,47,47
175,83,63,63
204,115,63,63
174,86,58,58
199,114,58,58
198,111,58,58
198,108,58,58
197,105,58,58
198,104,58,58
198,106,58,58
198,108,58,58
197,111,58,58
198,113,58,58
199,115,58,58
199,116,58,58
198,116,58,58
198,115,58,58
200,113,58,58
203,111,58,58
204,108,58,58
207,104,58,58
194,79,57,57
204,82,57,57
213,90,53,53
216,95,55,55
219,98,53,53
248,128,53,53
209,95,69,69
242,130,69,69
239,130,69,69
234,129,69,69
228,127,69,69
223,124,69,69
220,123,69,69
187,87,55,55
214,113,55,55
215,113,55,55
217,116,55,55
221,119,55,55
226,122,55,55
205,104,50,50
232,129,50,50
210,100,50,50
205,98,50,50
209,20,32,32
195,90,50,50
195,88,50,50
214,112,50,50
179,86,56,56
203,114,56,56
199,115,56,56
196,114,56,56
195,112,56,56
193,109,56,56
190,106,56,56
188,103,56,56
188,100,56,56
187,96,56,56
189,93,56,56
178,69,52,52
178,77,50,50
204,105,50,50
174,78,55,55
172,79,55,55
163,82,55,55
154,80,52,52
172,104,52,52
142,72,50,50
135,67,52,52
128,59,55,55
126,57,50,50
129,55,52,52
124,55,54,54
129,57,50,50
156,84,50,50
132,62,54,54
134,61,56,56
142,61,54,54
145,65,52,52
150,61,60,60
150,63,56,56
154,64,55,55
150,61,58,58
153,59,57,57
156,65,56,56
155,68,61,61
158,73,57,57
159,75,57,57
159,75,58,58
163,76,60,60
168,76,58,58
170,75,59,59
168,67,61,61
170,64,59,59
173,60,59,59
164,58,62,62
164,62,61,61
162,67,64,64
156,69,65,65
157,70,64,64
162,70,60,60
164,71,60,60
161,68,58,58
167,60,61,61
180,62,60,60
213,89,60,60
220,90,60,60
220,94,60,60
212,106,60,60
206,115,60,60
201,118,60,60
199,130,60,60
195,128,60,60
193,126,60,60
184,63,56,56
212,89,56,56
215,88,56,56
217,85,56,56
203,62,52,52
229,91,52,52
190,73,62,62
184,80,63,63
174,84,63,63
161,83,62,62
148,73,63,63
139,68,62,62
130,62,62,62
159,88,62,62
132,55,62,62
131,53,62,62
163,85,62,62
138,69,59,59
139,72,63,63
173,108,63,63
141,86,62,62
171,121,62,62
173,122,62,62
176,118,62,62
178,112,62,62
181,109,62,62
153,68,63,63
156,72,60,60
158,77,58,58
158,81,58,58
153,80,67,67
148,87,65,65
152,90,60,60
180,122,60,60
176,122,60,60
173,119,60,60
172,115,60,60
171,108,60,60
170,103,60,60
171,97,60,60
173,95,60,60
174,97,60,60
175,100,60,60
174,104,60,60
173,110,60,60
172,114,60,60
171,116,60,60
169,116,60,60
169,116,60,60
170,116,60,60
174,114,60,60
179,111,60,60
186,108,60,60
192,105,60,60
200,104,60,60
205,106,60,60
210,111,60,60
214,114,60,60
