0,0,0,0
0,0,0,0
93,122,52,52
95,122,52,52
90,121,52,52
94,121,52,52
149,68,76,76
94,122,50,50
89,119,55,55
91,123,50,50
84,120,57,57
88,123,55,55
82,121,59,59
89,125,50,50
83,122,58,58
40,90,116,116
85,125,52,52
89,124,52,52
41,81,125,125
42,78,125,125
95,115,52,52
97,114,52,52
98,113,52,52
100,115,52,52
100,117,52,52
99,118,52,52
97,118,52,52
96,119,52,52
94,120,52,52
91,120,52,52
87,118,52,52
85,117,52,52
84,116,52,52
83,116,52,52
82,116,52,52
61,103,78,78
62,105,72,72
69,109,64,64
74,111,61,61
79,114,56,56
80,114,58,58
84,117,53,53
91,118,52,52
96,118,52,52
147,80,58,58
97,118,52,52
100,116,52,52
104,115,52,52
108,114,52,52
144,84,55,55
109,110,52,52
111,110,52,52
112,110,52,52
114,111,52,52
117,114,52,52
117,116,52,52
117,119,52,52
116,121,52,52
116,121,52,52
118,119,52,52
119,114,52,52
121,115,52,52
108,114,46,46
105,113,50,50
103,113,48,48
102,112,48,48
98,112,52,52
98,115,49,49
96,115,52,52
95,116,53,53
96,118,52,52
96,118,52,52
94,117,52,52
98,117,51,51
98,116,51,51
100,114,50,50
98,112,50,50
99,110,52,52
97,110,52,52
96,111,51,51
95,112,51,51
94,112,51,51
177,84,50,50
93,112,50,50
94,112,49,49
94,114,47,47
95,113,46,46
95,113,49,49
94,111,50,50
93,111,50,50
90,114,48,48
115,104,52,52
114,103,52,52
116,105,52,52
118,109,52,52
119,111,52,52
122,113,52,52
123,114,52,52
124,113,52,52
125,114,52,52
128,114,52,52
128,112,52,52
157,85,52,52
131,109,52,52
131,109,52,52
131,109,52,52
131,109,52,52
219,58,51,51
217,58,52,52
126,112,52,52
121,112,52,52
116,115,52,52
111,115,52,52
105,109,52,52
181,81,58,58
100,110,52,52
185,77,62,62
186,80,60,60
190,85,53,53
192,88,49,49
189,84,57,57
191,89,54,54
195,96,49,49
195,93,55,55
195,95,52,52
191,88,57,57
188,82,62,62
182,76,66,66
120,109,52,52
123,109,52,52
126,107,52,52
179,83,48,48
131,108,52,52
129,111,52,52
127,111,52,52
123,111,52,52
122,112,52,52
118,111,52,52
117,110,52,52
158,81,53,53
113,108,52,52
111,109,52,52
110,110,52,52
109,112,52,52
108,112,52,52
108,116,52,52
107,123,52,52
106,124,52,52
106,126,52,52
106,126,52,52
175,82,57,57
179,82,57,57
181,81,56,56
182,78,57,57
184,80,55,55
184,83,55,55
112,125,52,52
111,125,52,52
111,126,52,52
187,94,50,50
182,92,55,55
108,129,52,52
180,91,57,57
176,84,62,62
177,90,57,57
179,89,55,55
178,82,59,59
176,80,60,60
170,75,64,64
169,76,63,63
164,76,68,68
163,75,70,70
115,119,52,52
113,122,52,52
116,124,52,52
115,122,52,52
118,117,52,52
120,120,52,52
126,104,52,52
130,111,52,52
133,113,52,52
114,115,52,52
113,113,52,52
115,115,52,52
116,118,52,52
116,120,52,52
113,123,52,52
111,119,52,52
106,121,52,52
104,116,52,52
98,120,52,52
94,116,52,52
91,126,52,52
87,127,52,52
80,121,52,52
110,123,48,48
107,123,54,54
106,125,52,52
105,125,50,50
103,125,52,52
104,125,52,52
72,124,52,52
105,128,48,48
105,125,51,51
107,121,56,56
109,122,50,50
211,85,58,58
211,85,61,61
212,85,60,60
82,124,52,52
84,119,52,52
84,122,52,52
121,115,52,52
122,115,53,53
118,113,56,56
201,81,62,62
198,81,65,65
112,118,54,54
112,118,55,55
198,83,64,64
74,121,52,52
74,119,52,52
73,119,52,52
71,120,52,52
27,87,93,93
197,85,65,65
77,120,52,52
29,89,93,93
78,122,52,52
79,123,52,52
112,123,48,48
77,118,52,52
108,120,52,52
216,86,51,51
219,80,57,57
106,119,48,48
10,82,110,110
66,117,52,52
236,93,57,57
92,124,48,48
229,95,67,67
234,98,60,60
84,111,52,52
82,109,52,52
81,107,52,52
77,105,52,52
77,104,52,52
72,105,52,52
71,109,52,52
73,112,52,52
44,132,26,26
228,94,68,68
72,116,52,52
71,116,52,52
76,112,52,52
74,113,52,52
75,109,52,52
217,83,59,59
261,110,50,50
217,71,65,65
89,102,52,52
89,106,52,52
231,83,66,66
61,133,25,25
241,92,59,59
53,140,26,26
251,95,60,60
257,91,56,56
36,135,26,26
262,82,55,55
95,109,52,52
91,106,52,52
87,103,52,52
83,103,52,52
79,105,52,52
75,110,52,52
73,108,52,52
71,108,52,52
264,78,55,55
263,77,56,56
262,75,56,56
81,95,52,52
83,98,52,52
93,101,52,52
265,73,52,52
106,91,52,52
114,93,52,52
121,96,52,52
263,73,54,54
260,72,56,56
260,71,58,58
145,94,52,52
261,73,58,58
84,119,46,46
263,77,56,56
256,78,56,56
250,79,56,56
241,81,63,63
234,80,64,64
232,83,58,58
221,80,58,58
217,80,56,56
212,78,58,58
130,98,52,52
129,99,52,52
131,99,52,52
132,99,52,52
131,102,52,52
197,82,65,65
193,79,66,66
188,78,64,64
185,77,63,63
178,74,68,68
172,75,61,61
162,72,60,60
154,71,57,57
146,67,62,62
138,64,64,64
138,65,63,63
134,67,64,64
130,68,63,63
130,69,60,60
134,72,55,55
133,73,56,56
130,75,59,59
125,75,62,62
131,77,57,57
135,76,57,57
136,77,59,59
136,77,59,59
135,76,65,65
139,76,65,65
144,77,63,63
147,78,65,65
218,106,42,42
162,84,58,58
163,81,65,65
34,126,52,52
168,76,62,62
168,71,60,60
162,63,71,71
165,63,67,67
165,62,67,67
155,98,52,52
162,68,71,71
165,80,71,71
161,122,52,52
172,95,76,76
183,117,52,52
192,132,52,52
191,134,52,52
196,118,69,69
204,138,52,52
209,114,52,52
206,113,66,66
201,110,74,74
197,108,75,75
199,108,69,69
199,121,52,52
194,96,69,69
188,93,64,64
185,89,58,58
177,84,63,63
178,85,60,60
174,85,59,59
171,86,58,58
170,87,57,57
168,89,58,58
166,91,59,59
164,92,61,61
163,93,57,57
161,94,53,53
162,92,51,51
159,91,53,53
157,87,55,55
201,117,52,52
199,99,52,52
221,88,52,52
220,91,52,52
217,84,52,52
219,92,52,52
215,101,52,52
181,90,54,54
212,95,52,52
195,96,53,53
194,95,57,57
202,95,53,53
205,93,53,53
207,89,53,53
202,88,51,51
199,85,52,52
194,82,56,56
197,85,47,47
228,88,52,52
227,87,52,52
248,88,52,52
248,90,52,52
178,84,63,63
246,89,52,52
178,87,58,58
240,88,52,52
236,85,52,52
239,84,52,52
237,85,52,52
240,82,52,52
240,83,52,52
238,83,52,52
242,87,52,52
242,89,52,52
243,92,52,52
244,94,52,52
242,95,52,52
241,94,52,52
242,95,52,52
242,95,52,52
240,93,52,52
240,92,52,52
190,81,57,57
197,82,57,57
207,87,53,53
211,91,55,55
216,95,53,53
247,97,52,52
210,93,69,69
244,103,52,52
239,103,52,52
235,101,52,52
229,99,52,52
227,92,52,52
226,86,52,52
191,91,55,55
230,83,52,52
238,84,52,52
247,86,52,52
259,88,52,52
267,91,52,52
203,102,50,50
267,91,52,52
208,102,50,50
206,100,50,50
209,21,32,32
199,94,50,50
198,91,50,50
267,67,52,52
186,87,56,56
264,67,52,52
262,69,52,52
261,71,52,52
260,72,52,52
259,72,52,52
256,71,52,52
254,70,52,52
254,67,52,52
254,64,52,52
258,64,52,52
174,70,52,52
176,74,50,50
267,65,52,52
175,77,55,55
174,78,55,55
169,81,55,55
163,81,52,52
246,71,52,52
149,76,50,50
142,72,52,52
135,65,55,55
131,62,50,50
131,58,52,52
127,56,54,54
129,58,50,50
262,57,52,52
131,60,54,54
132,60,56,56
138,61,54,54
142,64,52,52
142,61,60,60
148,63,56,56
151,64,55,55
150,62,58,58
152,61,57,57
155,64,56,56
154,65,61,61
158,71,57,57
158,73,57,57
159,74,58,58
160,75,60,60
165,76,58,58
167,76,59,59
168,71,61,61
170,69,59,59
172,65,59,59
167,61,62,62
166,62,61,61
163,64,64,64
160,67,65,65
159,69,64,64
162,71,60,60
163,71,60,60
163,70,58,58
165,64,61,61
172,64,60,60
267,47,52,52
267,62,52,52
262,64,52,52
254,67,52,52
244,68,52,52
233,69,52,52
222,72,52,52
215,71,52,52
207,72,52,52
183,65,56,56
203,79,52,52
201,80,52,52
208,78,52,52
198,62,52,52
189,66,52,52
192,67,62,62
188,74,63,63
182,79,63,63
172,81,62,62
160,77,63,63
150,73,62,62
140,68,62,62
193,76,52,52
135,60,62,62
133,56,62,62
216,69,52,52
138,64,59,59
138,68,63,63
204,80,52,52
141,80,62,62
193,82,52,52
187,95,52,52
186,83,52,52
199,88,52,52
188,95,52,52
152,69,63,63
155,72,60,60
157,76,58,58
158,78,58,58
155,77,67,67
152,84,65,65
153,88,60,60
212,90,52,52
205,91,52,52
199,90,52,52
193,87,52,52
188,85,52,52
183,80,52,52
177,77,52,52
174,75,52,52
174,75,52,52
172,75,52,52
170,79,52,52
166,84,52,52
170,84,52,52
169,86,52,52
166,87,52,52
170,84,52,52
174,83,52,52
176,84,52,52
193,81,52,52
173,86,52,52
178,84,52,52
184,84,52,52
208,81,52,52
215,82,52,52
217,85,52,52
