0,0,0,0
0,0,0,0
71,97,79,51
66,98,91,49
65,102,70,52
72,86,85,61
154,75,68,99
80,94,67,60
81,85,70,68
83,88,59,64
79,87,63,66
64,74,105,105
79,107,57,72
81,112,52,64
82,108,54,66
65,88,104,84
67,98,91,78
73,99,81,71
67,76,122,95
72,69,116,95
71,76,119,85
71,75,126,87
72,72,131,91
64,69,143,94
67,71,144,87
69,69,147,87
67,72,146,89
67,70,142,92
68,72,140,94
68,72,135,93
67,70,132,93
62,70,131,87
61,67,133,91
52,66,140,92
45,66,149,89
70,100,76,69
79,91,73,78
76,93,68,78
80,100,58,67
86,105,55,61
89,105,56,62
84,85,69,83
91,72,66,104
98,61,63,116
148,85,52,84
144,80,55,96
145,85,51,89
147,85,46,87
148,88,45,81
143,87,51,77
143,81,49,83
147,81,48,82
147,82,47,80
149,85,47,81
150,87,47,80
150,92,47,79
150,95,49,77
152,94,46,82
152,92,47,84
156,97,46,78
158,88,48,87
160,82,52,89
108,85,52,57
95,101,63,67
102,107,48,59
96,108,61,53
95,99,61,67
101,109,52,52
92,110,62,58
86,105,77,69
87,108,72,69
103,88,47,77
93,96,57,72
90,107,64,55
99,94,56,74
96,103,61,54
96,103,58,51
98,86,61,73
91,96,69,56
96,94,56,59
88,98,66,58
86,99,69,59
172,86,52,72
87,105,78,61
87,105,73,62
83,104,74,65
108,68,44,67
104,71,55,68
81,99,74,62
82,100,68,59
99,71,56,69
99,57,60,82
95,55,60,98
97,57,57,105
96,59,56,110
98,70,58,90
100,72,61,85
104,71,53,84
108,64,50,91
107,70,50,93
109,64,48,100
112,63,51,94
156,93,46,70
158,88,46,79
161,85,45,81
162,87,47,80
167,87,45,82
221,59,53,58
208,55,66,51
150,86,81,56
134,77,102,68
136,67,118,85
112,69,137,98
60,54,180,120
182,98,45,68
183,90,47,78
184,89,49,77
184,90,51,74
186,91,48,70
185,98,49,58
186,97,48,62
186,96,51,72
188,98,48,67
189,99,49,72
190,99,47,74
190,96,48,77
188,93,49,78
181,90,54,78
180,85,50,83
179,79,50,85
179,77,51,81
176,81,50,68
175,79,48,83
173,79,48,87
168,81,49,84
164,82,50,85
162,81,49,84
160,82,48,85
161,79,46,87
160,80,49,75
160,81,49,81
158,77,51,88
158,77,52,86
161,81,53,81
163,80,52,82
165,82,52,85
167,85,51,83
167,84,53,84
171,83,51,85
169,84,54,86
173,88,53,76
178,89,51,75
178,88,52,73
179,82,53,79
178,83,54,79
181,91,50,73
184,83,49,85
185,82,47,86
185,85,47,86
184,98,49,71
184,103,45,69
180,98,49,76
180,102,49,73
178,99,50,76
179,99,49,73
179,94,48,77
179,88,49,80
175,80,54,78
173,78,54,80
170,78,55,83
167,79,58,85
167,78,54,90
167,81,51,90
163,83,52,89
161,82,50,91
157,79,50,94
155,78,51,92
152,79,53,89
151,79,50,88
154,81,48,85
154,81,48,84
156,81,49,84
159,85,49,81
159,87,50,82
160,91,50,81
161,93,52,83
164,96,49,82
165,97,50,82
167,99,52,80
173,94,51,85
175,94,51,85
178,89,53,86
182,83,54,88
182,85,57,83
187,81,54,86
92,98,69,64
89,98,68,62
105,131,55,54
98,114,60,72
100,127,56,53
88,126,74,70
76,115,93,78
82,134,73,60
88,128,84,57
214,86,53,83
95,107,71,79
209,86,53,78
208,85,55,84
208,91,53,83
206,85,53,91
206,85,51,93
204,77,55,99
100,117,75,66
104,100,74,83
101,105,64,76
200,82,55,88
197,81,56,90
100,104,70,79
111,115,59,57
193,82,59,89
189,77,61,101
190,72,59,104
188,67,62,107
188,65,61,107
29,83,132,105
193,79,58,93
195,69,58,107
19,112,108,88
18,107,144,92
10,103,173,96
98,121,72,58
81,112,95,69
95,118,78,61
208,79,59,70
210,77,62,73
102,121,67,57
8,94,150,138
9,86,185,154
224,93,60,75
71,114,73,68
226,99,56,78
224,96,58,80
223,94,59,83
224,91,61,84
230,100,54,71
231,103,50,69
228,103,50,70
225,100,51,72
223,97,52,75
222,91,58,84
34,123,47,46
213,90,71,89
207,82,77,104
203,76,81,112
199,72,86,118
193,68,89,122
191,64,93,123
206,74,66,77
228,81,76,68
213,64,69,77
212,58,78,98
215,57,83,114
223,75,70,83
37,115,36,46
236,85,69,81
57,121,44,40
243,83,71,86
246,77,73,82
37,133,38,45
254,59,66,84
254,49,66,102
256,40,64,115
258,41,62,113
256,44,64,110
252,45,68,110
246,47,74,112
242,52,78,109
242,51,78,111
252,68,67,81
249,69,68,80
253,64,65,80
249,55,70,101
249,49,70,107
248,49,71,111
255,65,62,76
252,57,67,97
254,51,66,109
256,52,64,109
259,68,60,72
257,67,59,71
255,63,61,76
254,57,65,88
254,59,66,80
61,112,58,63
256,65,62,78
250,64,66,82
247,69,61,74
237,67,64,83
234,66,61,84
231,72,55,79
222,71,56,76
222,78,51,74
215,78,53,75
212,70,57,94
206,65,63,105
202,63,65,110
196,62,69,115
191,57,73,122
192,68,66,86
189,71,67,88
187,74,59,77
182,70,58,83
175,67,64,89
166,61,65,84
158,61,62,80
152,59,57,75
141,59,63,78
137,55,61,80
136,56,57,75
133,52,57,77
130,51,56,76
126,50,60,79
132,60,54,68
131,61,52,73
125,56,56,77
129,59,52,80
129,63,54,70
133,60,54,74
136,62,52,77
135,69,56,74
138,68,53,84
141,67,53,85
144,67,57,85
148,64,61,85
216,66,57,63
155,70,64,84
155,62,69,89
49,137,58,64
160,59,66,89
162,57,63,86
157,48,69,98
158,50,69,94
156,48,70,94
154,44,71,112
155,60,71,93
157,72,69,98
161,67,69,118
169,92,69,95
173,103,66,92
178,105,68,93
182,114,66,81
188,118,59,77
191,118,60,76
194,114,61,79
197,108,65,84
191,105,71,91
188,98,73,96
184,89,76,97
182,73,81,110
180,76,78,90
176,76,75,88
171,75,72,83
169,71,68,87
169,73,65,85
167,72,63,86
163,73,63,84
163,75,59,83
162,79,58,83
163,81,58,84
162,83,56,83
164,88,53,77
165,93,49,74
167,87,44,73
168,85,45,74
169,86,45,75
170,79,45,81
170,79,45,78
172,80,45,77
176,80,42,74
180,81,42,71
190,84,40,70
192,93,43,67
198,100,45,60
204,102,47,63
210,106,45,58
211,103,48,60
215,102,49,60
218,103,48,54
220,100,43,55
216,97,46,53
214,97,47,51
215,93,47,54
214,96,46,51
214,96,48,53
213,96,47,54
213,98,49,54
212,100,47,53
211,101,49,53
208,103,50,50
201,100,56,53
197,100,59,51
197,96,58,52
201,89,51,58
198,83,54,62
200,83,53,62
201,83,53,62
198,85,59,60
193,97,66,53
193,96,68,57
190,94,75,66
195,99,62,56
193,98,66,59
194,99,60,54
197,92,52,60
195,81,59,79
188,66,70,95
186,61,72,98
193,67,65,80
197,67,64,82
202,75,60,78
207,84,56,71
213,87,50,68
213,82,53,80
203,81,65,83
199,74,69,98
189,65,76,109
181,57,82,117
170,49,88,124
162,37,90,135
154,21,99,153
177,74,54,71
172,61,62,88
172,55,69,96
169,46,80,105
173,45,83,112
177,35,85,126
189,71,64,73
187,56,73,96
193,69,65,79
191,64,65,77
215,18,40,43
181,69,64,77
176,65,67,76
165,52,76,97
165,62,66,75
158,52,77,99
150,40,88,122
142,19,101,145
139,11,109,153
136,6,117,155
138,3,117,157
128,3,123,160
127,3,126,158
127,4,127,155
129,2,129,155
167,68,49,64
174,77,47,59
174,76,51,70
173,81,49,62
169,86,54,53
168,82,49,66
162,83,50,68
155,79,49,75
150,81,48,61
146,76,45,61
131,72,63,54
133,72,51,48
132,70,45,51
131,63,46,60
133,63,44,58
135,62,43,63
133,63,48,68
136,66,53,69
143,66,48,68
148,70,47,65
144,61,61,78
147,58,60,82
148,54,65,82
144,49,71,88
144,49,71,83
143,52,68,77
141,46,76,89
147,53,67,80
146,50,70,82
140,48,76,85
146,48,73,82
144,48,79,85
153,51,71,79
146,41,83,88
154,43,75,86
156,39,75,87
150,33,80,89
149,35,77,87
149,37,75,84
140,40,83,90
138,39,82,90
145,41,71,82
143,42,76,85
144,41,72,83
149,39,70,86
156,38,68,86
159,32,70,102
164,37,73,103
163,43,79,104
167,42,80,112
169,34,84,122
168,32,82,124
162,32,83,124
160,32,82,121
158,29,88,123
167,53,71,84
162,35,88,108
159,14,100,131
151,0,112,149
180,60,64,77
176,45,73,101
175,58,71,87
172,71,72,88
168,81,65,84
157,82,66,87
148,81,65,84
136,74,68,86
130,73,65,80
125,62,72,88
125,68,62,77
125,62,59,79
128,59,57,82
129,72,48,72
125,78,59,75
130,79,59,81
128,89,63,74
127,89,65,79
126,85,71,84
127,80,74,85
125,71,83,89
121,67,94,90
137,80,67,76
140,82,61,72
147,86,48,68
146,90,47,66
133,90,59,65
132,98,60,58
140,105,51,54
134,105,57,65
125,98,64,71
120,95,64,71
117,87,69,76
119,86,60,65
119,78,62,70
114,68,72,79
120,69,62,68
125,76,58,62
125,79,59,65
126,87,54,58
125,90,56,64
123,92,61,67
119,92,65,69
119,99,59,57
123,100,55,60
123,94,59,70
125,90,62,75
127,80,64,83
136,76,63,84
137,74,68,89
144,68,64,92
150,71,64,92
155,78,67,88
152,79,74,93
