245,27,69,69
242,25,71,71
244,25,70,70
243,25,70,70
246,28,67,67
108,57,104,104
106,55,107,107
243,27,67,67
246,27,66,66
245,26,69,69
111,54,105,105
243,25,70,70
111,53,105,105
243,25,70,70
243,25,70,70
242,24,72,72
243,25,70,70
242,24,72,72
240,23,76,76
242,24,72,72
242,24,72,72
241,24,72,72
242,24,72,72
242,24,70,70
244,24,70,70
106,52,99,99
107,56,95,95
103,54,101,101
243,25,70,70
242,24,72,72
242,24,72,72
242,24,72,72
242,24,72,72
242,24,72,72
243,25,70,70
246,28,66,66
242,24,70,70
242,24,72,72
242,26,69,69
238,22,76,76
243,25,70,70
242,25,70,70
242,24,70,70
242,24,70,70
247,28,65,65
244,26,68,68
243,25,68,68
243,25,68,68
247,28,65,65
85,55,107,107
244,26,69,69
243,25,68,68
89,54,101,101
244,25,70,70
242,25,68,68
243,24,70,70
242,25,68,68
242,25,69,69
244,26,69,69
242,25,68,68
243,24,70,70
243,25,69,69
244,26,68,68
243,26,69,69
244,25,69,69
244,25,69,69
243,26,69,69
244,26,68,68
245,27,66,66
244,26,68,68
244,26,68,68
244,26,68,68
244,26,68,68
244,26,68,68
244,26,68,68
243,26,69,69
244,26,68,68
244,26,68,68
245,27,65,65
242,25,69,69
245,27,66,66
242,25,69,69
247,28,65,65
243,26,69,69
242,25,68,68
244,27,67,67
245,27,66,66
243,25,69,69
244,26,68,68
242,25,68,68
244,28,66,66
244,26,68,68
244,26,68,68
243,25,68,68
243,25,68,68
243,26,69,69
243,26,69,69
243,26,69,69
243,26,69,69
242,25,69,69
243,26,69,69
243,26,69,69
243,26,69,69
242,25,69,69
244,28,65,65
244,26,66,66
243,27,68,68
243,24,72,72
247,28,65,65
242,25,69,69
243,25,70,70
243,25,71,71
242,26,69,69
243,25,69,69
243,26,69,69
243,25,68,68
243,25,69,69
244,26,68,68
244,26,68,68
244,26,68,68
244,25,70,70
243,25,68,68
244,26,68,68
242,24,70,70
240,22,76,76
243,26,69,69
244,25,69,69
244,25,70,70
244,25,70,70
244,25,69,69
244,26,68,68
244,25,69,69
244,26,68,68
244,25,68,68
244,26,67,67
243,26,69,69
245,27,66,66
243,25,68,68
242,25,69,69
242,25,69,69
242,25,69,69
242,24,70,70
243,26,69,69
240,24,70,70
244,24,70,70
240,24,70,70
241,24,71,71
241,25,70,70
242,26,70,70
241,25,70,70
244,25,69,69
242,23,72,72
243,26,69,69
241,24,72,72
243,26,69,69
242,25,69,69
241,25,69,69
242,25,70,70
244,26,68,68
240,24,70,70
242,25,68,68
240,24,71,71
243,26,69,69
242,25,70,70
243,24,70,70
243,25,68,68
244,26,68,68
242,24,70,70
243,25,70,70
243,25,70,70
242,25,71,71
243,25,70,70
243,26,69,69
241,24,70,70
242,24,70,70
244,26,68,68
243,25,68,68
242,25,69,69
243,25,68,68
241,25,71,71
243,25,68,68
242,25,69,69
244,25,69,69
244,26,68,68
243,25,68,68
242,25,68,68
242,25,69,69
244,26,68,68
243,25,69,69
242,25,69,69
242,25,69,69
242,25,68,68
242,25,69,69
244,25,69,69
244,26,68,68
243,26,69,69
243,25,71,71
243,25,69,69
244,25,69,69
243,25,70,70
243,25,69,69
242,24,70,70
242,23,72,72
114,55,96,96
240,24,72,72
241,24,71,71
241,25,70,70
241,24,70,70
242,25,68,68
242,25,68,68
244,25,69,69
244,26,68,68
241,25,70,70
241,25,70,70
243,26,69,69
242,25,69,69
244,26,68,68
240,24,70,70
243,26,69,69
241,25,70,70
241,25,71,71
241,25,69,69
243,26,70,70
241,24,70,70
241,25,70,70
240,24,72,72
242,27,68,68
238,26,69,69
236,20,70,70
231,19,70,70
216,16,70,70
210,11,70,70
207,5,70,70
120,51,97,97
123,55,86,86
121,54,89,89
125,55,86,86
123,55,88,88
121,53,89,89
121,51,94,94
124,54,86,86
124,53,86,86
122,53,86,86
190,4,70,70
190,3,70,70
107,38,124,124
124,55,86,86
119,49,98,98
119,49,98,98
124,53,86,86
121,52,89,89
120,53,86,86
121,51,89,89
168,0,70,70
165,0,70,70
162,0,70,70
160,1,70,70
158,2,70,70
157,2,70,70
156,2,70,70
152,3,70,70
153,2,70,70
152,1,70,70
152,4,70,70
151,4,70,70
149,5,70,70
149,6,70,70
148,6,70,70
148,5,70,70
149,6,70,70
149,5,70,70
152,5,70,70
153,4,70,70
154,3,70,70
155,3,70,70
157,2,70,70
159,1,70,70
118,54,86,86
120,54,86,86
119,52,86,86
114,49,98,98
119,54,84,84
102,39,124,124
117,55,86,86
183,6,70,70
121,56,82,82
191,26,70,70
117,52,92,92
117,53,89,89
117,52,90,90
244,25,70,70
244,26,68,68
242,24,72,72
244,25,70,70
241,23,72,72
242,25,70,70
244,25,70,70
242,23,72,72
244,25,70,70
243,25,69,69
244,25,70,70
242,25,70,70
242,25,70,70
245,26,67,67
244,26,69,69
242,25,71,71
243,26,69,69
243,25,70,70
240,22,76,76
242,24,71,71
243,24,70,70
244,26,68,68
244,26,69,69
242,24,72,72
242,26,69,69
240,23,72,72
241,24,70,70
242,23,72,72
241,25,71,71
244,25,69,69
243,25,68,68
244,26,68,68
241,22,72,72
242,24,70,70
242,25,70,70
242,24,72,72
240,23,72,72
242,24,70,70
242,24,70,70
244,25,69,69
242,23,72,72
240,23,72,72
242,23,72,72
243,25,70,70
241,24,72,72
239,22,76,76
239,23,72,72
240,24,73,73
243,25,70,70
244,25,70,70
239,23,72,72
244,25,70,70
242,24,70,70
242,25,70,70
242,24,70,70
240,24,72,72
243,24,70,70
243,24,70,70
244,24,70,70
244,24,70,70
242,23,72,72
240,23,72,72
183,41,70,70
187,29,70,70
189,19,70,70
187,8,70,70
186,0,70,70
178,0,70,70
179,0,70,70
178,1,70,70
180,5,70,70
182,10,70,70
183,27,70,70
240,24,72,72
241,23,72,72
170,48,70,70
241,22,72,72
243,24,70,70
243,24,70,70
242,23,72,72
243,24,70,70
248,28,66,66
168,49,70,70
248,28,66,66
168,50,70,70
247,28,66,66
248,28,66,66
248,28,66,66
168,44,70,70
170,41,70,70
248,29,65,65
248,28,66,66
185,39,70,70
184,35,70,70
248,28,66,66
248,29,65,65
183,42,70,70
247,28,66,66
175,39,70,70
248,29,63,63
248,28,66,66
168,49,70,70
248,28,66,66
248,29,65,65
166,53,70,70
166,52,70,70
166,53,70,70
248,28,66,66
248,29,65,65
248,28,66,66
248,28,66,66
248,28,66,66
248,28,66,66
168,50,70,70
166,52,70,70
248,28,66,66
247,28,66,66
166,52,70,70
248,28,66,66
248,28,66,66
248,28,66,66
248,28,66,66
166,53,70,70
247,28,66,66
248,28,66,66
166,53,70,70
166,52,70,70
165,52,70,70
164,52,70,70
248,29,65,65
248,29,65,65
248,28,66,66
166,52,70,70
248,29,65,65
248,28,66,66
248,28,66,66
166,52,70,70
164,52,70,70
166,52,70,70
166,52,70,70
164,52,70,70
164,52,70,70
164,52,70,70
163,52,70,70
163,52,70,70
163,52,70,70
22,119,72,72
160,52,70,70
161,52,70,70
160,52,70,70
248,28,66,66
160,52,70,70
160,52,70,70
158,54,70,70
248,28,66,66
158,54,70,70
248,28,66,66
158,54,70,70
248,29,63,63
248,28,66,66
248,28,66,66
158,54,70,70
248,28,66,66
249,29,65,65
160,53,70,70
248,29,63,63
248,29,65,65
158,54,70,70
158,54,70,70
248,28,66,66
158,54,70,70
158,54,70,70
158,54,70,70
248,28,66,66
157,53,70,70
158,54,70,70
248,28,66,66
157,52,70,70
248,28,66,66
158,54,70,70
248,28,66,66
248,28,66,66
158,54,70,70
158,54,70,70
248,28,66,66
158,54,70,70
158,54,70,70
158,53,70,70
248,28,66,66
248,28,66,66
158,54,70,70
248,29,65,65
248,28,66,66
158,55,70,70
248,28,66,66
248,29,65,65
248,29,65,65
158,54,70,70
158,54,70,70
248,28,66,66
248,28,66,66
158,54,70,70
158,54,70,70
158,54,70,70
248,28,66,66
158,54,70,70
158,54,70,70
158,54,70,70
158,54,70,70
158,54,70,70
246,27,69,69
248,28,66,66
158,54,70,70
245,28,66,66
158,54,70,70
248,28,66,66
248,28,66,66
246,28,67,67
158,54,70,70
158,54,70,70
158,54,70,70
248,29,65,65
246,28,66,66
158,54,70,70
248,28,66,66
158,54,70,70
158,54,70,70
250,30,63,63
248,28,66,66
158,54,70,70
248,28,66,66
246,28,67,67
248,29,65,65
248,29,65,65
158,54,70,70
248,29,65,65
248,28,66,66
158,54,70,70
248,29,63,63
248,28,66,66
248,29,63,63
248,28,66,66
248,28,66,66
248,29,65,65
245,28,66,66
160,54,70,70
248,28,66,66
248,28,66,66
246,28,65,65
248,28,66,66
159,54,70,70
159,54,70,70
160,53,70,70
248,28,66,66
246,28,65,65
246,28,66,66
248,29,65,65
248,29,63,63
163,51,70,70
247,28,66,66
163,51,70,70
246,28,66,66
248,28,66,66
246,28,65,65
166,49,70,70
157,35,70,70
180,32,70,70
160,18,70,70
136,16,70,70
113,14,70,70
249,29,65,65
93,28,70,70
72,29,70,70
246,28,65,65
64,28,70,70
248,29,65,65
248,29,65,65
66,28,70,70
248,29,65,65
248,29,65,65
248,29,63,63
248,29,65,65
248,29,65,65
248,29,65,65
248,29,65,65
70,29,70,70
248,29,65,65
246,28,66,66
66,28,70,70
248,29,65,65
248,29,65,65
248,28,66,66
248,28,66,66
248,29,65,65
248,28,66,66
248,29,65,65
248,28,66,66
246,28,67,67
66,28,70,70
66,28,70,70
66,30,70,70
246,27,69,69
249,29,65,65
247,28,66,66
249,29,64,64
247,28,66,66
247,28,63,63
248,29,63,63
68,28,70,70
248,29,65,65
248,29,65,65
67,28,70,70
248,29,63,63
248,29,65,65
248,29,65,65
77,28,70,70
247,28,66,66
248,29,65,65
248,29,63,63
248,29,63,63
248,29,65,65
248,29,63,63
248,29,65,65
248,29,63,63
248,29,65,65
248,29,65,65
248,29,65,65
248,29,63,63
248,28,66,66
248,28,66,66
66,28,70,70
248,28,66,66
248,28,66,66
248,29,65,65
246,28,67,67
247,28,65,65
246,28,67,67
81,28,70,70
82,30,70,70
248,29,65,65
247,28,66,66
248,29,65,65
248,28,66,66
248,29,65,65
248,29,65,65
86,30,70,70
247,28,66,66
248,29,65,65
246,28,67,67
81,29,70,70
247,28,63,63
248,29,65,65
59,28,70,70
248,29,65,65
69,28,70,70
68,26,70,70
248,29,65,65
248,28,66,66
248,28,66,66
248,28,66,66
248,29,65,65
248,29,63,63
248,29,65,65
248,29,65,65
248,29,63,63
248,29,65,65
248,29,65,65
248,29,65,65
248,29,65,65
248,29,63,63
248,29,65,65
248,29,65,65
248,29,65,65
248,29,65,65
248,29,65,65
116,93,91,91
248,29,63,63
120,96,87,87
248,29,65,65
248,29,65,65
248,29,65,65
245,28,66,66
248,29,65,65
66,28,70,70
248,29,65,65
247,28,66,66
246,28,63,63
248,28,66,66
66,29,70,70
248,29,65,65
247,28,66,66
248,29,65,65
248,29,65,65
248,29,63,63
248,29,65,65
248,29,63,63
248,29,63,63
248,29,63,63
248,29,65,65
248,29,65,65
248,29,63,63
248,29,65,65
67,28,70,70
66,30,70,70
148,159,50,50
146,157,50,50
248,29,65,65
248,29,65,65
247,28,66,66
248,28,66,66
148,146,50,50
248,29,65,65
248,28,66,66
248,28,66,66
248,28,66,66
246,28,67,67
248,28,66,66
248,29,65,65
248,28,66,66
149,142,50,50
248,28,66,66
248,29,65,65
248,28,66,66
248,29,65,65
248,29,65,65
248,29,65,65
247,28,66,66
248,29,63,63
248,29,63,63
248,29,63,63
66,28,70,70
247,28,66,66
248,29,65,65
248,29,65,65
248,29,65,65
248,29,63,63
66,29,70,70
248,29,65,65
248,28,66,66
248,29,65,65
67,28,70,70
248,28,66,66
248,29,65,65
248,29,63,63
248,29,65,65
248,29,65,65
248,29,65,65
248,28,66,66
248,29,65,65
248,29,65,65
248,29,65,65
246,28,65,65
248,28,66,66
248,29,65,65
116,91,87,87
248,29,65,65
248,29,65,65
246,28,67,67
248,29,63,63
248,29,65,65
245,28,67,67
247,28,66,66
248,29,65,65
248,29,65,65
67,27,70,70
248,28,66,66
248,29,63,63
247,28,66,66
249,29,64,64
114,84,93,93
248,28,66,66
111,76,104,104
247,28,66,66
248,29,65,65
111,76,101,101
248,29,65,65
248,28,66,66
248,29,65,65
249,29,64,64
249,29,64,64
249,29,64,64
248,29,65,65
248,29,65,65
248,29,65,65
248,29,63,63
250,30,63,63
247,28,66,66
248,29,65,65
248,29,65,65
248,29,65,65
248,28,66,66
248,29,65,65
248,29,63,63
248,29,65,65
248,28,66,66
248,29,65,65
246,28,65,65
248,29,63,63
248,29,65,65
248,29,65,65
248,29,65,65
248,29,65,65
248,29,65,65
247,28,66,66
247,28,66,66
247,28,66,66
248,29,63,63
248,29,65,65
248,29,63,63
248,29,65,65
248,29,63,63
248,29,65,65
248,29,65,65
248,29,65,65
247,28,66,66
248,29,65,65
248,29,65,65
248,28,66,66
246,28,66,66
247,28,66,66
246,27,67,67
247,28,66,66
248,29,65,65
248,29,65,65
