245,27,69,69
242,25,71,71
244,25,70,70
243,25,70,70
246,28,67,67
242,27,66,66
106,55,107,107
243,27,67,67
246,27,66,66
245,26,69,69
111,54,105,105
243,25,70,70
111,53,105,105
243,25,70,70
243,25,70,70
242,24,72,72
243,25,70,70
242,24,72,72
240,23,76,76
242,24,72,72
242,24,72,72
241,24,72,72
242,24,72,72
242,24,70,70
244,24,70,70
106,52,99,99
107,56,95,95
103,54,101,101
243,25,70,70
242,24,72,72
242,24,72,72
242,24,72,72
242,24,72,72
242,24,72,72
243,25,70,70
246,28,66,66
242,24,70,70
242,24,72,72
242,26,69,69
238,22,76,76
243,25,70,70
242,25,70,70
242,24,70,70
242,24,70,70
247,28,65,65
244,26,68,68
243,25,68,68
243,25,68,68
247,28,65,65
85,55,107,107
244,26,69,69
243,25,68,68
89,54,101,101
244,25,70,70
242,25,68,68
243,24,70,70
242,25,68,68
242,25,69,69
244,26,69,69
242,25,68,68
243,24,70,70
243,25,69,69
244,26,68,68
243,26,69,69
244,25,69,69
244,25,69,69
243,26,69,69
244,26,68,68
245,27,66,66
244,26,68,68
244,26,68,68
244,26,68,68
244,26,68,68
244,26,68,68
244,26,68,68
243,26,69,69
244,26,68,68
244,26,68,68
245,27,65,65
242,25,69,69
245,27,66,66
242,25,69,69
247,28,65,65
243,26,69,69
242,25,68,68
244,27,67,67
245,27,66,66
243,25,69,69
244,26,68,68
242,25,68,68
244,28,66,66
244,26,68,68
244,26,68,68
243,25,68,68
243,25,68,68
243,26,69,69
243,26,69,69
243,26,69,69
243,26,69,69
242,25,69,69
243,26,69,69
243,26,69,69
243,26,69,69
242,25,69,69
244,28,65,65
244,26,66,66
243,27,68,68
243,24,72,72
247,28,65,65
242,25,69,69
243,25,70,70
243,25,71,71
242,26,69,69
243,25,69,69
243,26,69,69
243,25,68,68
243,25,69,69
244,26,68,68
244,26,68,68
244,26,68,68
244,25,70,70
243,25,68,68
244,26,68,68
242,24,70,70
240,22,76,76
243,26,69,69
244,25,69,69
244,25,70,70
244,25,70,70
244,25,69,69
244,26,68,68
244,25,69,69
244,26,68,68
244,25,68,68
244,26,67,67
243,26,69,69
245,27,66,66
243,25,68,68
242,25,69,69
242,25,69,69
242,25,69,69
242,24,70,70
243,26,69,69
240,24,70,70
244,24,70,70
240,24,70,70
241,24,71,71
241,25,70,70
242,26,70,70
241,25,70,70
244,25,69,69
242,23,72,72
243,26,69,69
241,24,72,72
243,26,69,69
242,25,69,69
241,25,69,69
242,25,70,70
244,26,68,68
240,24,70,70
242,25,68,68
240,24,71,71
243,26,69,69
242,25,70,70
243,24,70,70
243,25,68,68
244,26,68,68
242,24,70,70
243,25,70,70
243,25,70,70
242,25,71,71
243,25,70,70
243,26,69,69
241,24,70,70
242,24,70,70
244,26,68,68
243,25,68,68
242,25,69,69
243,25,68,68
241,25,71,71
243,25,68,68
242,25,69,69
244,25,69,69
244,26,68,68
243,25,68,68
242,25,68,68
242,25,69,69
244,26,68,68
243,25,69,69
242,25,69,69
242,25,69,69
242,25,68,68
242,25,69,69
244,25,69,69
244,26,68,68
243,26,69,69
243,25,71,71
243,25,69,69
244,25,69,69
243,25,70,70
243,25,69,69
242,24,70,70
242,23,72,72
114,55,96,96
240,24,72,72
241,24,71,71
241,25,70,70
241,24,70,70
242,25,68,68
242,25,68,68
244,25,69,69
244,26,68,68
241,25,70,70
241,25,70,70
243,26,69,69
242,25,69,69
244,26,68,68
240,24,70,70
243,26,69,69
241,25,70,70
241,25,71,71
241,25,69,69
243,26,70,70
241,24,70,70
241,25,70,70
240,24,72,72
242,27,68,68
238,26,69,69
234,21,75,75
239,21,72,72
237,22,68,68
235,27,68,68
231,18,67,67
120,51,97,97
123,55,86,86
121,54,89,89
125,55,86,86
123,55,88,88
121,53,89,89
121,51,94,94
124,54,86,86
124,53,86,86
122,53,86,86
237,32,67,67
231,32,68,68
107,38,124,124
124,55,86,86
119,49,98,98
119,49,98,98
124,53,86,86
121,52,89,89
120,53,86,86
121,51,89,89
210,33,69,69
209,32,71,71
204,30,72,72
203,32,72,72
202,34,72,72
199,33,71,71
198,33,72,72
198,36,71,71
197,33,72,72
197,35,71,71
196,35,71,71
195,36,71,71
195,36,71,71
194,37,71,71
193,35,72,72
194,36,71,71
195,36,71,71
196,35,71,71
197,35,71,71
198,36,69,69
198,32,72,72
201,34,71,71
202,33,71,71
203,32,71,71
118,54,86,86
120,54,86,86
119,52,86,86
114,49,98,98
119,54,84,84
102,39,124,124
117,55,86,86
229,40,71,71
121,56,82,82
233,57,72,72
117,52,92,92
117,53,89,89
117,52,90,90
244,25,70,70
244,26,68,68
242,24,72,72
244,25,70,70
241,23,72,72
242,25,70,70
244,25,70,70
242,23,72,72
244,25,70,70
243,25,69,69
244,25,70,70
242,25,70,70
242,25,70,70
245,26,67,67
244,26,69,69
242,25,71,71
243,26,69,69
243,25,70,70
240,22,76,76
242,24,71,71
243,24,70,70
244,26,68,68
244,26,69,69
242,24,72,72
242,26,69,69
240,23,72,72
241,24,70,70
242,23,72,72
241,25,71,71
244,25,69,69
243,25,68,68
244,26,68,68
241,22,72,72
242,24,70,70
242,25,70,70
242,24,72,72
240,23,72,72
242,24,70,70
242,24,70,70
244,25,69,69
242,23,72,72
240,23,72,72
242,23,72,72
243,25,70,70
241,24,72,72
239,22,76,76
239,23,72,72
240,24,73,73
243,25,70,70
244,25,70,70
239,23,72,72
244,25,70,70
242,24,70,70
242,25,70,70
242,24,70,70
240,24,72,72
243,24,70,70
243,24,70,70
244,24,70,70
244,24,70,70
242,23,72,72
240,23,72,72
237,22,75,75
236,21,77,77
235,22,77,77
235,21,77,77
236,19,75,75
238,70,75,75
235,68,75,75
234,69,75,75
236,75,74,74
237,84,75,75
238,102,75,75
240,24,72,72
241,23,72,72
236,21,75,75
241,22,72,72
243,24,70,70
243,24,70,70
242,23,72,72
243,24,70,70
248,28,66,66
237,24,71,71
248,28,66,66
239,25,69,69
247,28,66,66
248,28,66,66
248,28,66,66
240,25,68,68
239,25,69,69
248,29,65,65
248,28,66,66
240,25,69,69
239,25,69,69
248,28,66,66
248,29,65,65
240,25,69,69
247,28,66,66
237,22,74,74
248,29,63,63
248,28,66,66
239,25,69,69
248,28,66,66
248,29,65,65
239,25,69,69
240,25,69,69
239,25,69,69
248,28,66,66
248,29,65,65
248,28,66,66
248,28,66,66
248,28,66,66
248,28,66,66
240,25,69,69
237,22,74,74
248,28,66,66
247,28,66,66
239,25,69,69
248,28,66,66
248,28,66,66
248,28,66,66
248,28,66,66
239,25,69,69
247,28,66,66
248,28,66,66
240,25,69,69
239,25,69,69
237,22,74,74
239,25,69,69
248,29,65,65
248,29,65,65
248,28,66,66
239,25,69,69
248,29,65,65
248,28,66,66
248,28,66,66
240,25,69,69
237,22,74,74
239,25,69,69
239,25,69,69
239,25,69,69
238,22,74,74
239,25,69,69
239,25,69,69
239,25,69,69
238,23,72,72
22,119,72,72
239,25,69,69
239,25,69,69
239,25,69,69
248,28,66,66
238,23,72,72
239,25,69,69
239,25,69,69
248,28,66,66
239,25,69,69
248,28,66,66
240,25,69,69
248,29,63,63
248,28,66,66
248,28,66,66
238,23,72,72
248,28,66,66
249,29,65,65
239,25,69,69
248,29,63,63
248,29,65,65
239,25,69,69
239,25,69,69
248,28,66,66
238,23,72,72
239,25,69,69
239,25,69,69
248,28,66,66
239,25,69,69
238,23,72,72
248,28,66,66
239,25,69,69
248,28,66,66
239,25,69,69
248,28,66,66
248,28,66,66
239,25,69,69
239,25,69,69
248,28,66,66
238,23,72,72
239,25,69,69
239,25,69,69
248,28,66,66
248,28,66,66
239,25,69,69
248,29,65,65
248,28,66,66
237,23,72,72
248,28,66,66
248,29,65,65
248,29,65,65
239,25,69,69
239,25,69,69
248,28,66,66
248,28,66,66
239,25,69,69
239,25,69,69
237,23,72,72
248,28,66,66
238,25,69,69
239,25,69,69
239,25,69,69
239,25,69,69
237,23,72,72
246,27,69,69
248,28,66,66
238,25,69,69
245,28,66,66
239,25,69,69
248,28,66,66
248,28,66,66
246,28,67,67
238,23,72,72
239,25,69,69
239,25,69,69
248,29,65,65
246,28,66,66
239,25,69,69
248,28,66,66
239,25,69,69
237,23,72,72
250,30,63,63
248,28,66,66
238,25,69,69
248,28,66,66
246,28,67,67
248,29,65,65
248,29,65,65
239,25,69,69
248,29,65,65
248,28,66,66
239,25,69,69
248,29,63,63
248,28,66,66
248,29,63,63
248,28,66,66
248,28,66,66
248,29,65,65
245,28,66,66
237,23,72,72
248,28,66,66
248,28,66,66
246,28,65,65
248,28,66,66
239,25,69,69
239,25,69,69
239,25,68,68
248,28,66,66
246,28,65,65
246,28,66,66
248,29,65,65
248,29,63,63
239,25,69,69
247,28,66,66
239,25,69,69
246,28,66,66
248,28,66,66
246,28,65,65
235,21,72,72
182,28,72,72
170,16,72,72
159,2,72,72
129,-9,71,71
106,-12,69,69
249,29,65,65
87,4,69,69
61,-4,68,68
246,28,65,65
56,-7,71,71
248,29,65,65
248,29,65,65
51,21,69,69
248,29,65,65
248,29,65,65
248,29,63,63
248,29,65,65
248,29,65,65
248,29,65,65
248,29,65,65
56,56,67,67
248,29,65,65
246,28,66,66
58,56,65,65
248,29,65,65
248,29,65,65
248,28,66,66
248,28,66,66
248,29,65,65
248,28,66,66
248,29,65,65
248,28,66,66
246,28,67,67
58,54,65,65
58,54,65,65
56,52,67,67
246,27,69,69
249,29,65,65
247,28,66,66
249,29,64,64
247,28,66,66
247,28,63,63
248,29,63,63
65,35,68,68
248,29,65,65
248,29,65,65
65,35,69,69
248,29,63,63
248,29,65,65
248,29,65,65
62,38,71,71
247,28,66,66
248,29,65,65
248,29,63,63
248,29,63,63
248,29,65,65
248,29,63,63
248,29,65,65
248,29,63,63
248,29,65,65
248,29,65,65
248,29,65,65
248,29,63,63
248,28,66,66
248,28,66,66
67,61,71,71
248,28,66,66
248,28,66,66
248,29,65,65
246,28,67,67
247,28,65,65
246,28,67,67
71,72,71,71
74,75,69,69
248,29,65,65
247,28,66,66
248,29,65,65
248,28,66,66
248,29,65,65
248,29,65,65
73,73,71,71
247,28,66,66
248,29,65,65
246,28,67,67
67,65,72,72
247,28,63,63
248,29,65,65
60,54,72,72
248,29,65,65
61,31,71,71
59,25,72,72
248,29,65,65
248,28,66,66
248,28,66,66
248,28,66,66
248,29,65,65
248,29,63,63
248,29,65,65
248,29,65,65
248,29,63,63
248,29,65,65
248,29,65,65
248,29,65,65
248,29,65,65
248,29,63,63
248,29,65,65
248,29,65,65
248,29,65,65
248,29,65,65
248,29,65,65
116,93,91,91
248,29,63,63
120,96,87,87
248,29,65,65
248,29,65,65
248,29,65,65
245,28,66,66
248,29,65,65
58,24,74,74
248,29,65,65
247,28,66,66
246,28,63,63
248,28,66,66
57,24,74,74
248,29,65,65
247,28,66,66
248,29,65,65
248,29,65,65
248,29,63,63
248,29,65,65
248,29,63,63
248,29,63,63
248,29,63,63
248,29,65,65
248,29,65,65
248,29,63,63
248,29,65,65
58,24,72,72
58,24,72,72
148,159,50,50
146,157,50,50
248,29,65,65
248,29,65,65
247,28,66,66
248,28,66,66
148,146,50,50
248,29,65,65
248,28,66,66
248,28,66,66
248,28,66,66
246,28,67,67
248,28,66,66
248,29,65,65
248,28,66,66
149,142,50,50
248,28,66,66
248,29,65,65
248,28,66,66
248,29,65,65
248,29,65,65
248,29,65,65
247,28,66,66
248,29,63,63
248,29,63,63
248,29,63,63
58,24,72,72
247,28,66,66
248,29,65,65
248,29,65,65
248,29,65,65
248,29,63,63
57,24,72,72
248,29,65,65
248,28,66,66
248,29,65,65
57,24,72,72
248,28,66,66
248,29,65,65
248,29,63,63
248,29,65,65
248,29,65,65
248,29,65,65
248,28,66,66
248,29,65,65
248,29,65,65
248,29,65,65
246,28,65,65
248,28,66,66
248,29,65,65
116,91,87,87
248,29,65,65
248,29,65,65
246,28,67,67
248,29,63,63
248,29,65,65
245,28,67,67
247,28,66,66
248,29,65,65
248,29,65,65
57,25,72,72
248,28,66,66
248,29,63,63
247,28,66,66
249,29,64,64
114,84,93,93
248,28,66,66
111,76,104,104
247,28,66,66
248,29,65,65
111,76,101,101
248,29,65,65
248,28,66,66
248,29,65,65
249,29,64,64
249,29,64,64
249,29,64,64
248,29,65,65
248,29,65,65
248,29,65,65
248,29,63,63
250,30,63,63
247,28,66,66
248,29,65,65
248,29,65,65
248,29,65,65
248,28,66,66
248,29,65,65
248,29,63,63
248,29,65,65
248,28,66,66
248,29,65,65
246,28,65,65
248,29,63,63
248,29,65,65
248,29,65,65
248,29,65,65
248,29,65,65
248,29,65,65
247,28,66,66
247,28,66,66
247,28,66,66
248,29,63,63
248,29,65,65
248,29,63,63
248,29,65,65
248,29,63,63
248,29,65,65
248,29,65,65
248,29,65,65
247,28,66,66
248,29,65,65
248,29,65,65
248,28,66,66
246,28,66,66
247,28,66,66
246,27,67,67
247,28,66,66
248,29,65,65
248,29,65,65
