121,101,105,105
120,99,107,107
122,99,104,104
121,97,106,106
120,96,106,106
121,97,106,106
119,95,110,110
119,96,108,108
119,98,106,106
119,97,105,105
118,98,105,105
118,100,104,104
117,100,105,105
116,102,104,104
114,103,104,104
113,103,102,102
108,104,105,105
107,107,101,101
104,108,100,100
101,108,101,101
99,108,101,101
97,108,98,98
93,103,103,103
93,103,103,103
96,107,95,95
89,101,110,110
91,101,106,106
91,100,104,104
93,103,101,101
91,96,109,109
85,92,123,123
86,92,117,117
84,89,123,123
89,89,114,114
85,93,120,120
83,89,124,124
83,92,124,124
89,96,111,111
88,92,114,114
86,88,129,129
94,95,114,114
122,102,105,105
95,92,120,120
125,103,105,105
128,102,105,105
99,88,125,125
133,101,105,105
136,102,105,105
137,101,105,105
140,102,105,105
141,103,105,105
119,95,104,104
116,92,112,112
127,95,100,100
126,98,104,104
131,98,96,96
128,97,102,102
128,100,108,108
130,100,103,103
130,100,104,104
134,106,98,98
135,105,101,101
137,108,100,100
135,108,102,102
136,108,101,101
135,106,104,104
136,108,104,104
137,108,105,105
136,109,106,106
138,109,104,104
138,110,105,105
138,110,104,104
137,108,107,107
137,107,108,108
137,108,107,107
138,109,104,104
139,108,103,103
137,107,104,104
136,107,104,104
136,107,104,104
135,108,102,102
134,105,104,104
129,103,108,108
126,100,112,112
152,112,105,105
151,113,105,105
152,114,105,105
151,115,105,105
150,116,105,105
147,115,105,105
122,108,107,107
117,104,117,117
126,110,100,100
125,111,97,97
121,110,102,102
117,112,108,108
114,111,111,111
115,111,105,105
113,112,107,107
113,113,103,103
113,114,102,102
111,112,107,107
109,113,109,109
107,110,111,111
108,112,110,110
111,111,108,108
105,109,114,114
112,114,102,102
104,109,115,115
109,113,108,108
107,110,111,111
108,112,110,110
107,111,110,110
105,110,114,114
105,111,114,114
107,112,112,112
106,110,114,114
110,114,107,107
112,116,104,104
115,118,101,101
112,117,105,105
112,117,104,104
111,117,107,107
109,114,109,109
105,112,114,114
104,112,115,115
106,113,113,113
110,114,106,106
110,115,106,106
107,113,109,109
112,115,102,102
113,114,102,102
113,114,102,102
114,114,101,101
116,115,98,98
114,114,101,101
120,117,91,91
120,118,90,90
120,116,90,90
118,115,94,94
118,114,95,95
116,111,98,98
113,109,102,102
113,107,103,103
111,108,104,104
111,106,102,102
110,107,104,104
109,106,105,105
108,107,104,104
109,106,103,103
108,106,103,103
107,106,104,104
107,105,105,105
106,104,105,105
106,104,105,105
106,104,105,105
106,105,103,103
106,106,102,102
106,105,102,102
105,104,104,104
105,105,104,104
105,105,103,103
105,105,103,103
105,105,102,102
105,106,102,102
106,106,102,102
105,106,104,104
107,106,101,101
107,106,101,101
103,104,109,109
105,104,104,104
105,104,104,104
106,106,103,103
102,100,113,113
101,100,113,113
100,100,113,113
106,115,103,103
105,116,103,103
104,114,111,111
102,111,114,114
102,112,114,114
105,119,98,98
109,121,88,88
109,121,88,88
99,114,116,116
102,117,111,111
106,118,103,103
105,118,103,103
104,117,103,103
103,117,103,103
102,116,103,103
101,115,103,103
100,114,103,103
99,113,103,103
98,112,103,103
97,111,103,103
96,110,103,103
99,112,125,125
98,111,125,125
97,110,125,125
96,109,125,125
95,108,125,125
94,107,125,125
93,106,125,125
92,105,125,125
91,104,125,125
90,103,125,125
89,102,125,125
88,102,125,125
87,102,125,125
86,102,125,125
85,102,125,125
84,103,125,125
83,103,125,125
82,102,125,125
104,128,108,108
104,127,108,108
103,127,108,108
102,127,108,108
101,125,108,108
101,122,108,108
100,118,114,114
100,113,114,114
100,108,114,114
100,103,114,114
100,98,114,114
107,96,102,102
106,94,104,104
105,89,109,109
107,84,105,105
106,84,106,106
107,83,103,103
106,82,106,106
107,84,103,103
108,84,101,101
107,85,102,102
106,83,106,106
107,85,102,102
106,85,104,104
107,86,104,104
107,85,105,105
107,87,104,104
109,88,103,103
111,89,101,101
110,88,104,104
109,89,106,106
112,91,104,104
111,90,107,107
112,91,105,105
112,92,106,106
115,94,102,102
115,96,101,101
115,97,103,103
115,97,103,103
113,97,106,106
114,98,104,104
114,99,103,103
113,100,103,103
113,102,103,103
111,102,104,104
112,103,103,103
111,103,104,104
112,105,104,104
111,104,104,104
113,105,104,104
112,105,105,105
112,106,105,105
111,105,106,106
112,105,105,105
111,105,107,107
111,105,106,106
112,106,103,103
112,106,102,102
110,105,104,104
108,104,108,108
111,106,103,103
109,107,104,104
106,106,106,106
113,111,92,92
110,112,95,95
104,109,107,107
103,108,106,106
104,107,102,102
104,109,102,102
101,107,110,110
104,109,103,103
101,109,106,106
97,108,113,113
97,110,110,110
100,111,105,105
126,120,105,105
123,119,105,105
91,110,117,117
92,109,116,116
95,110,111,111
96,112,109,109
90,107,120,120
93,106,119,119
88,107,124,124
92,106,120,120
94,110,114,114
122,120,105,105
89,107,124,124
89,107,124,124
92,110,117,117
94,109,115,115
94,110,113,113
96,110,109,109
98,112,105,105
96,111,108,108
95,109,110,110
98,111,103,103
94,109,112,112
100,111,102,102
121,121,105,105
94,109,114,114
96,111,109,109
99,110,105,105
99,107,104,104
101,109,101,101
101,108,104,104
102,110,103,103
100,108,107,107
100,108,107,107
101,110,103,103
99,107,107,107
99,106,107,107
97,107,107,107
97,107,105,105
98,108,103,103
96,107,106,106
96,108,104,104
93,106,107,107
93,106,106,106
93,107,105,105
94,107,104,104
93,107,103,103
92,107,105,105
90,107,105,105
90,106,105,105
88,108,103,103
86,108,105,105
86,108,104,104
82,110,104,104
80,110,104,104
77,109,105,105
77,110,103,103
73,109,107,107
74,110,103,103
73,111,101,101
81,117,89,89
74,113,99,99
77,115,91,91
65,110,110,110
53,103,124,124
81,120,91,91
71,114,105,105
98,118,105,105
69,113,108,108
61,109,118,118
70,111,108,108
71,114,106,106
73,113,102,102
73,113,103,103
74,115,100,100
75,115,101,101
74,112,103,103
74,112,102,102
67,109,115,115
75,114,105,105
78,113,102,102
70,113,113,113
85,116,95,95
71,109,117,117
73,112,114,114
73,110,116,116
81,114,104,104
85,114,99,99
90,115,94,94
81,111,111,111
87,113,97,97
84,113,107,107
82,109,110,110
82,106,110,110
79,104,114,114
80,104,115,115
88,108,108,108
87,106,104,104
90,111,103,103
92,109,101,101
93,107,99,99
94,107,99,99
94,106,98,98
92,104,101,101
90,103,107,107
93,105,101,101
93,104,102,102
98,108,90,90
97,108,93,93
94,104,101,101
97,106,96,96
97,106,95,95
100,108,91,91
100,107,95,95
95,103,103,103
95,102,105,105
99,101,102,102
95,99,107,107
98,101,102,102
98,102,102,102
98,102,102,102
98,101,102,102
97,101,104,104
97,102,104,104
96,102,105,105
96,103,105,105
96,104,102,102
95,104,105,105
96,106,103,103
96,108,103,103
96,110,102,102
95,110,104,104
95,112,104,104
95,113,103,103
95,114,102,102
95,115,101,101
96,115,101,101
95,113,103,103
95,114,102,102
95,113,104,104
94,112,105,105
95,112,104,104
95,113,102,102
94,112,105,105
95,113,104,104
95,113,103,103
95,113,101,101
96,112,101,101
94,113,103,103
95,111,104,104
96,109,107,107
96,114,102,102
92,112,110,110
88,102,125,125
87,101,125,125
86,100,125,125
85,99,125,125
93,113,112,112
93,116,108,108
97,117,103,103
96,117,103,103
95,116,103,103
94,116,103,103
93,115,103,103
92,114,103,103
91,113,103,103
90,112,103,103
89,112,103,103
88,111,103,103
87,110,103,103
86,109,103,103
85,108,103,103
84,107,103,103
83,106,103,103
82,105,103,103
81,104,103,103
80,103,103,103
79,102,103,103
78,101,103,103
77,100,103,103
76,100,103,103
75,99,103,103
74,98,103,103
73,97,103,103
72,96,103,103
71,95,103,103
70,94,103,103
69,93,103,103
68,92,103,103
67,91,103,103
66,90,103,103
65,89,103,103
64,88,103,103
63,87,103,103
62,87,103,103
61,86,103,103
60,85,103,103
59,84,103,103
58,83,103,103
57,82,103,103
56,81,103,103
55,80,103,103
54,79,103,103
53,78,103,103
52,77,103,103
51,76,103,103
50,75,103,103
49,74,103,103
48,73,103,103
47,72,103,103
46,72,103,103
45,72,103,103
44,71,103,103
43,70,103,103
42,69,103,103
41,68,103,103
40,67,103,103
39,66,103,103
38,65,103,103
38,64,103,103
37,63,103,103
36,62,103,103
35,61,103,103
34,60,103,103
33,59,103,103
32,58,103,103
31,57,103,103
30,56,103,103
29,54,103,103
28,53,103,103
27,51,103,103
26,50,103,103
25,49,103,103
24,48,103,103
23,47,103,103
22,46,103,103
21,45,103,103
20,44,103,103
20,43,103,103
20,42,103,103
19,41,103,103
18,40,103,103
17,39,103,103
16,38,103,103
15,37,103,103
14,36,103,103
13,35,103,103
12,35,103,103
11,34,103,103
10,33,103,103
9,32,103,103
8,31,103,103
7,30,103,103
6,29,103,103
5,29,103,103
4,28,103,103
3,27,103,103
2,26,103,103
1,26,103,103
0,25,103,103
0,24,103,103
0,23,103,103
0,22,103,103
0,20,103,103
-2,19,103,103
-1,18,103,103
-3,17,103,103
-2,16,103,103
-2,15,103,103
-3,14,103,103
-2,13,103,103
-2,12,103,103
-2,11,103,103
-1,10,103,103
-1,9,103,103
-1,8,103,103
-1,8,103,103
-1,7,103,103
-1,7,103,103
-1,6,103,103
-1,5,103,103
-1,4,103,103
-1,3,103,103
-1,2,103,103
-1,2,103,103
-1,1,103,103
-1,0,103,103
-1,0,103,103
-1,0,103,103
-1,0,103,103
-1,0,103,103
-1,0,103,103
-1,0,103,103
-1,0,103,103
-1,0,103,103
-1,0,103,103
106,120,86,86
96,118,105,105
93,116,117,117
99,119,104,104
100,121,103,103
99,120,105,105
100,121,103,103
101,122,103,103
102,122,101,101
102,122,101,101
103,121,101,101
103,122,102,102
102,121,103,103
104,122,101,101
102,120,105,105
103,122,103,103
103,121,104,104
104,122,105,105
104,123,104,104
105,124,102,102
104,125,103,103
104,124,104,104
105,124,103,103
103,123,105,105
105,123,103,103
105,124,103,103
106,122,103,103
106,121,102,102
106,122,101,101
105,121,100,100
121,127,105,105
99,116,118,118
97,112,125,125
98,110,116,116
126,122,105,105
125,119,105,105
126,120,105,105
125,119,105,105
97,114,114,114
103,116,106,106
102,120,100,100
101,118,104,104
103,122,95,95
101,117,104,104
124,118,105,105
98,115,108,108
98,115,111,111
98,115,112,112
98,115,110,110
98,115,107,107
98,116,108,108
96,114,111,111
100,120,98,98
103,122,95,95
101,119,99,99
103,121,93,93
104,122,93,93
100,119,103,103
105,122,94,94
123,117,105,105
124,118,105,105
123,117,105,105
124,118,105,105
123,117,105,105
124,118,105,105
123,117,105,105
124,118,105,105
123,117,105,105
124,118,105,105
123,117,105,105
124,118,105,105
123,117,105,105
124,118,105,105
100,119,100,100
123,117,105,105
124,118,105,105
98,116,106,106
101,115,108,108
97,114,114,114
125,119,105,105
126,120,105,105
99,114,116,116
100,114,111,111
104,120,101,101
95,113,116,116
123,121,105,105
100,120,104,104
120,124,105,105
92,115,116,116
97,119,98,98
92,113,106,106
94,120,100,100
92,120,101,101
91,121,99,99
87,119,104,104
85,118,105,105
85,120,103,103
83,119,101,101
82,119,100,100
79,116,103,103
77,117,104,104
74,116,103,103
77,119,99,99
74,118,98,98
77,122,92,92
78,123,90,90
76,121,88,88
65,116,105,105
61,117,112,112
93,121,105,105
92,122,105,105
91,121,105,105
92,122,105,105
91,121,105,105
92,122,105,105
91,121,105,105
92,122,105,105
91,121,105,105
92,122,105,105
91,121,105,105
92,122,105,105
91,121,105,105
92,120,105,105
91,119,105,105
92,120,105,105
91,119,105,105
92,120,105,105
91,119,105,105
92,120,105,105
91,119,105,105
92,120,105,105
91,119,105,105
92,120,105,105
91,119,105,105
92,120,105,105
91,119,105,105
92,120,105,105
93,119,105,105
94,118,105,105
93,119,105,105
96,118,105,105
95,117,105,105
98,118,105,105
97,117,105,105
100,118,105,105
101,117,105,105
102,118,105,105
103,117,105,105
106,118,105,105
107,117,105,105
108,116,105,105
109,115,105,105
112,116,105,105
111,115,105,105
112,116,105,105
113,115,105,105
114,116,105,105
113,115,105,105
114,114,105,105
113,113,105,105
114,114,105,105
113,111,105,105
134,112,52,52
114,110,105,105
115,109,105,105
116,110,105,105
115,109,105,105
116,108,105,105
115,107,105,105
116,108,105,105
115,107,105,105
116,108,105,105
115,107,105,105
116,108,105,105
115,107,105,105
116,108,105,105
115,107,105,105
116,106,105,105
115,105,105,105
116,106,105,105
92,105,103,103
115,105,105,105
116,106,105,105
115,105,105,105
116,106,105,105
115,105,105,105
116,106,105,105
77,92,124,124
115,105,105,105
116,106,105,105
83,90,116,116
88,92,114,114
93,94,105,105
94,97,102,102
94,99,101,101
92,98,104,104
93,99,101,101
94,99,102,102
94,101,101,101
94,99,103,103
95,100,101,101
94,99,104,104
95,100,102,102
95,99,102,102
95,98,104,104
96,100,102,102
96,99,103,103
97,100,102,102
97,100,103,103
98,101,101,101
98,101,102,102
100,102,101,101
99,101,104,104
101,101,103,103
102,102,101,101
103,100,103,103
105,101,103,103
105,101,102,102
106,101,102,102
106,101,103,103
106,101,103,103
106,102,103,103
107,101,104,104
108,103,103,103
109,104,102,102
111,104,101,101
110,103,105,105
114,105,101,101
114,104,104,104
117,105,100,100
119,105,100,100
119,103,107,107
120,101,112,112
126,106,100,100
123,101,113,113
128,104,104,104
132,107,98,98
133,104,98,98
134,104,94,94
133,103,98,98
134,104,99,99
134,101,99,99
134,98,99,99
134,95,99,99
134,92,99,99
133,89,99,99
132,87,99,99
131,85,99,99
131,84,99,99
131,83,99,99
130,82,99,99
129,81,99,99
128,80,99,99
127,79,99,99
126,78,99,99
125,77,99,99
124,76,99,99
123,75,99,99
122,74,99,99
121,73,99,99
120,72,99,99
119,71,99,99
118,70,99,99
117,69,99,99
116,68,99,99
114,67,99,99
142,106,94,94
140,106,94,94
138,106,94,94
137,105,99,99
134,104,99,99
134,101,103,103
132,100,103,103
130,99,103,103
128,98,103,103
136,106,86,86
135,105,86,86
133,104,86,86
132,103,86,86
131,102,86,86
130,101,86,86
128,100,86,86
127,99,86,86
126,98,86,86
124,98,86,86
122,97,86,86
120,96,86,86
118,95,86,86
116,93,86,86
113,90,86,86
110,87,86,86
103,95,102,102
103,95,105,105
99,92,111,111
99,92,113,113
102,95,104,104
102,96,110,110
104,100,98,98
101,100,108,108
105,104,103,103
102,104,110,110
105,106,104,104
106,107,102,102
105,107,102,102
105,106,103,103
104,105,105,105
104,106,104,104
104,106,103,103
105,106,103,103
105,106,103,103
105,106,103,103
105,106,103,103
