117,55,100,100
117,55,100,100
118,55,99,99
119,56,98,98
117,54,102,102
118,55,101,101
118,55,101,101
118,55,101,101
118,56,100,100
117,54,103,103
118,56,100,100
119,56,99,99
118,56,101,101
116,54,104,104
116,54,104,104
116,54,104,104
115,53,107,107
116,55,104,104
116,55,104,104
116,55,104,104
116,54,105,105
116,56,103,103
116,55,104,104
117,56,102,102
116,56,103,103
115,55,105,105
115,54,106,106
116,55,104,104
114,54,107,107
117,56,102,102
118,57,101,101
118,56,103,103
119,56,102,102
119,56,104,104
120,56,104,104
120,55,105,105
121,55,105,105
123,55,104,104
125,56,103,103
124,53,108,108
127,55,105,105
128,55,104,104
129,54,106,106
132,55,104,104
133,55,105,105
135,55,105,105
136,53,108,108
139,54,106,106
140,53,108,108
143,54,107,107
145,54,106,106
145,51,112,112
149,54,107,107
151,54,106,106
153,54,105,105
151,50,113,113
155,52,109,109
158,54,106,106
158,52,110,110
162,54,105,105
163,53,107,107
164,53,107,107
166,53,106,106
166,51,109,109
168,51,109,109
170,52,108,108
174,54,104,104
174,53,106,106
178,54,103,103
179,54,104,104
181,55,103,103
182,54,104,104
181,51,111,111
183,52,109,109
187,54,105,105
187,52,109,109
190,54,106,106
192,54,105,105
193,54,105,105
193,53,108,108
193,52,110,110
196,54,106,106
197,53,107,107
197,52,109,109
201,55,103,103
200,54,107,107
201,54,107,107
199,52,111,111
202,54,107,107
205,56,102,102
204,55,105,105
205,56,104,104
204,55,106,106
206,56,104,104
206,56,104,104
205,55,106,106
206,56,103,103
204,55,107,107
206,57,103,103
202,54,109,109
204,56,104,104
203,56,104,104
202,55,106,106
200,55,107,107
199,55,107,107
198,56,105,105
195,53,109,109
194,54,107,107
194,56,103,103
192,56,104,104
190,55,104,104
186,54,107,107
186,55,105,105
184,55,104,104
181,54,105,105
176,52,110,110
175,54,106,106
172,53,107,107
170,54,104,104
166,53,107,107
163,53,107,107
162,54,104,104
157,52,108,108
158,55,102,102
152,52,108,108
150,53,106,106
149,55,102,102
147,55,102,102
145,55,101,101
140,53,106,106
140,56,101,101
137,55,103,103
134,55,103,103
133,55,102,102
132,55,102,102
130,55,102,102
128,55,103,103
127,55,103,103
126,55,101,101
125,55,101,101
123,55,102,102
122,55,102,102
121,54,103,103
119,54,104,104
118,53,105,105
119,55,101,101
119,55,101,101
117,53,104,104
118,55,101,101
117,54,102,102
116,54,103,103
114,52,106,106
115,53,104,104
114,53,105,105
115,53,104,104
115,54,103,103
114,53,104,104
113,52,106,106
112,52,106,106
113,54,103,103
113,54,103,103
112,53,105,105
110,53,106,106
111,54,103,103
109,53,105,105
109,54,104,104
107,54,105,105
105,53,107,107
106,55,103,103
103,54,107,107
102,54,106,106
102,56,103,103
100,56,104,104
99,57,103,103
97,56,104,104
95,57,104,104
93,57,104,104
91,57,105,105
90,58,103,103
88,59,102,102
87,60,101,101
83,58,105,105
81,58,105,105
80,59,103,103
77,58,105,105
76,58,105,105
74,58,105,105
72,59,104,104
69,58,107,107
68,58,106,106
65,58,107,107
63,57,108,108
60,57,110,110
59,58,108,108
57,58,108,108
54,58,109,109
53,60,107,107
50,58,110,110
48,58,111,111
44,57,115,115
43,58,112,112
40,57,115,115
40,59,112,112
37,58,115,115
35,59,115,115
35,60,113,113
33,61,113,113
31,61,113,113
30,61,114,114
29,62,112,112
28,62,113,113
25,62,115,115
23,62,116,116
22,62,116,116
21,63,115,115
20,63,115,115
18,62,118,118
18,63,116,116
17,64,116,116
17,64,116,116
16,64,116,116
16,64,117,117
16,64,117,117
17,65,115,115
18,66,113,113
18,65,114,114
18,64,116,116
20,65,114,114
21,64,115,115
21,64,116,116
25,66,112,112
26,65,112,112
25,63,116,116
29,66,111,111
32,67,108,108
33,64,112,112
36,65,110,110
37,63,113,113
39,63,112,112
41,62,113,113
44,61,114,114
47,62,112,112
48,60,115,115
52,61,112,112
56,61,110,110
59,62,108,108
61,60,110,110
62,58,113,113
65,58,113,113
68,59,110,110
71,58,110,110
74,58,109,109
78,59,107,107
79,58,109,109
83,58,107,107
84,58,108,108
86,57,109,109
90,58,105,105
91,57,108,108
95,58,105,105
94,54,111,111
100,58,104,104
101,56,107,107
103,55,109,109
105,55,109,109
109,57,105,105
111,56,106,106
112,55,108,108
115,55,107,107
116,55,107,107
119,56,104,104
118,53,109,109
122,55,105,105
121,53,109,109
123,53,108,108
125,54,105,105
124,52,110,110
125,52,110,110
127,53,107,107
127,53,106,106
128,53,106,106
129,54,105,105
129,54,105,105
129,54,106,106
129,54,105,105
128,53,107,107
128,53,107,107
129,55,105,105
129,55,104,104
128,55,105,105
129,56,104,104
128,54,106,106
127,54,106,106
127,54,106,106
128,54,104,104
126,53,107,107
128,54,102,102
125,52,106,106
124,51,106,106
122,49,109,109
124,50,105,105
125,51,102,102
123,48,105,105
121,47,106,106
121,46,106,106
120,44,107,107
121,45,104,104
119,42,106,106
119,42,104,104
118,40,105,105
116,38,108,108
117,38,105,105
116,37,106,106
115,35,106,106
114,34,107,107
114,33,106,106
113,31,108,108
113,30,107,107
114,30,105,105
111,27,110,110
111,27,108,108
110,25,109,109
109,23,110,110
108,22,111,111
107,21,111,111
108,21,109,109
107,20,109,109
108,21,106,106
105,19,110,110
105,18,109,109
105,18,109,109
106,18,107,107
105,18,107,107
104,17,109,109
104,17,108,108
105,18,107,107
103,17,109,109
104,18,108,108
103,18,109,109
102,17,112,112
104,20,107,107
104,20,108,108
104,21,107,107
105,23,106,106
104,23,107,107
104,24,108,108
103,24,109,109
103,25,110,110
102,26,111,111
102,27,112,112
102,28,112,112
102,30,112,112
103,33,109,109
103,34,109,109
102,34,111,111
102,36,112,112
103,39,108,108
102,39,112,112
102,41,112,112
103,44,109,109
102,45,110,110
103,47,108,108
104,50,107,107
102,50,109,109
103,52,108,108
101,52,112,112
101,54,111,111
101,56,110,110
100,56,113,113
100,57,113,113
99,58,115,115
98,58,118,118
98,60,117,117
100,63,114,114
100,65,114,114
99,66,114,114
100,67,114,114
100,69,114,114
100,70,114,114
98,70,118,118
98,73,117,117
99,75,116,116
100,78,113,113
98,78,116,116
99,81,114,114
99,83,113,113
98,85,114,114
97,86,115,115
97,88,114,114
97,90,113,113
96,90,114,114
96,92,113,113
95,93,113,113
95,94,113,113
95,96,112,112
93,96,114,114
93,96,114,114
93,97,114,114
93,97,114,114
92,97,115,115
93,98,113,113
93,99,112,112
91,97,115,115
93,99,111,111
94,99,109,109
92,97,112,112
91,96,113,113
91,95,114,114
91,94,114,114
91,94,113,113
92,93,111,111
91,91,114,114
91,90,114,114
90,88,116,116
91,88,113,113
91,86,114,114
91,85,114,114
92,84,112,112
92,82,113,113
91,80,114,114
93,80,111,111
92,78,112,112
93,77,111,111
93,76,110,110
94,76,108,108
93,74,110,110
93,73,110,110
91,70,113,113
90,68,115,115
93,69,110,110
92,66,112,112
93,65,110,110
92,64,111,111
92,62,112,112
90,59,115,115
92,59,112,112
91,57,114,114
92,57,111,111
91,55,113,113
91,54,112,112
93,54,109,109
92,52,112,112
92,51,112,112
93,51,110,110
93,50,109,109
93,49,109,109
94,49,108,108
94,48,108,108
95,48,106,106
94,46,109,109
94,46,108,108
95,47,106,106
94,46,108,108
95,46,107,107
96,47,106,106
95,46,107,107
96,46,107,107
95,46,108,108
96,46,107,107
95,46,108,108
96,46,107,107
95,46,108,108
96,47,106,106
97,47,105,105
97,47,105,105
96,47,107,107
96,47,107,107
97,48,106,106
98,49,104,104
98,49,104,104
98,49,105,105
98,49,105,105
98,48,106,106
97,48,108,108
98,48,107,107
99,50,105,105
100,50,105,105
100,50,105,105
101,51,103,103
100,51,105,105
100,51,105,105
102,53,102,102
101,52,105,105
101,52,106,106
100,51,108,108
103,53,103,103
102,53,105,105
103,53,104,104
104,55,101,101
103,54,104,104
104,54,103,103
104,54,103,103
105,55,101,101
103,53,105,105
105,55,102,102
105,55,102,102
105,55,102,102
103,53,106,106
105,55,102,102
105,54,103,103
105,55,101,101
104,54,103,103
104,54,104,104
105,55,102,102
104,54,104,104
103,52,106,106
104,53,104,104
102,52,107,107
103,53,104,104
103,53,104,104
103,53,104,104
103,53,104,104
103,53,104,104
102,52,106,106
104,54,102,102
101,51,108,108
101,52,107,107
100,50,110,110
101,51,108,108
101,51,109,109
101,50,110,110
100,49,111,111
101,49,111,111
99,47,115,115
101,49,112,112
101,48,114,114
102,48,113,113
104,50,109,109
103,49,111,111
100,45,119,119
103,48,114,114
103,46,117,117
105,47,114,114
105,46,115,115
103,44,119,119
105,45,117,117
105,45,117,117
107,47,114,114
107,46,117,117
107,46,117,117
106,43,122,122
110,47,114,114
107,43,122,122
109,45,119,119
110,45,119,119
112,47,116,116
113,47,115,115
110,45,120,120
111,45,119,119
111,44,120,120
112,44,120,120
112,44,120,120
112,44,120,120
110,42,124,124
122,54,100,100
113,45,119,119
113,44,120,120
113,44,119,119
113,44,120,120
113,44,120,120
115,45,117,117
115,44,118,118
116,45,116,116
114,43,120,120
115,44,117,117
116,45,116,116
112,41,124,124
123,53,100,100
122,53,100,100
112,43,121,121
110,41,124,124
110,41,124,124
122,53,100,100
112,43,120,120
112,43,120,120
113,44,119,119
113,43,120,120
122,53,100,100
111,41,124,124
111,41,124,124
122,54,100,100
122,54,100,100
121,54,100,100
112,44,120,120
111,41,124,124
122,54,100,100
113,44,120,120
122,54,100,100
113,44,120,120
115,45,116,116
114,43,120,120
118,46,114,114
115,43,119,119
111,38,130,130
119,45,116,116
120,46,114,114
119,43,119,119
128,53,100,100
118,43,120,120
122,46,114,114
122,46,114,114
118,40,125,125
122,43,120,120
132,53,100,100
131,53,100,100
131,54,100,100
131,54,100,100
132,54,100,100
132,54,100,100
132,54,100,100
124,44,120,120
129,48,111,111
135,53,100,100
125,41,125,125
128,43,121,121
131,45,118,118
130,42,124,124
131,41,125,125
134,43,122,122
138,46,117,117
138,44,120,120
140,44,119,119
142,45,117,117
142,44,120,120
144,44,119,119
144,43,122,122
143,42,125,125
150,47,114,114
152,47,112,112
150,44,119,119
154,47,112,112
153,45,116,116
154,45,116,116
153,44,119,119
156,46,114,114
160,49,107,107
155,43,119,119
159,46,114,114
160,46,114,114
158,43,120,120
156,41,124,124
168,53,100,100
160,44,119,119
170,53,100,100
170,54,100,100
166,48,111,111
165,46,116,116
163,44,120,120
164,44,121,121
164,42,124,124
166,44,122,122
172,48,112,112
172,47,114,114
176,50,108,108
176,49,109,109
176,49,110,110
181,54,100,100
181,54,100,100
171,43,124,124
183,55,100,100
183,55,100,100
184,55,100,100
184,55,100,100
184,55,100,100
185,55,100,100
181,50,110,110
184,51,108,108
180,46,120,120
184,49,114,114
185,49,114,114
189,53,108,108
193,56,100,100
184,46,120,120
195,56,100,100
186,47,119,119
188,48,118,118
188,48,119,119
192,50,114,114
198,57,100,100
194,51,111,111
196,54,106,106
193,49,114,114
192,49,116,116
194,50,114,114
191,47,119,119
194,50,114,114
194,50,114,114
191,47,120,120
191,46,120,120
191,47,120,120
192,48,117,117
192,48,117,117
199,56,100,100
197,56,100,100
190,49,114,114
191,51,111,111
193,53,106,106
191,52,108,108
193,56,100,100
186,49,114,114
183,47,117,117
190,56,100,100
188,55,100,100
179,47,116,116
186,55,100,100
184,55,100,100
183,55,100,100
172,46,119,119
174,49,113,113
170,46,119,119
173,49,112,112
170,47,116,116
162,40,129,129
175,55,100,100
173,55,100,100
165,47,114,114
166,48,111,111
169,54,100,100
167,54,100,100
160,47,114,114
158,46,116,116
164,54,100,100
163,54,100,100
155,47,114,114
158,50,107,107
152,46,116,116
151,46,116,116
155,49,108,108
144,39,128,128
148,45,117,117
147,44,119,119
154,54,100,100
146,46,116,116
152,54,100,100
142,44,119,119
141,44,119,119
136,40,128,128
148,54,100,100
132,40,130,130
137,45,119,119
135,43,122,122
132,42,125,125
131,41,127,127
135,47,115,115
132,44,120,120
126,40,129,129
123,38,134,134
138,55,100,100
136,55,100,100
124,44,121,121
124,45,119,119
131,54,100,100
117,41,125,125
128,54,100,100
121,48,111,111
118,46,114,114
113,43,121,121
115,46,114,114
113,45,116,116
119,53,100,100
107,42,124,124
106,41,124,124
104,40,128,128
105,42,124,124
109,47,114,114
107,46,116,116
114,54,100,100
101,42,125,125
112,54,100,100
111,55,100,100
103,47,116,116
104,48,114,114
101,45,120,120
102,46,118,118
102,46,118,118
101,45,120,120
99,43,124,124
98,43,124,124
98,43,124,124
96,41,129,129
96,42,128,128
98,44,124,124
98,45,124,124
99,46,120,120
95,43,127,127
97,46,122,122
96,46,122,122
96,46,122,122
100,50,115,115
98,49,117,117
98,49,117,117
98,49,116,116
95,47,122,122
98,50,116,116
99,52,113,113
100,54,110,110
99,53,111,111
98,53,112,112
99,54,110,110
98,55,110,110
98,56,108,108
98,56,108,108
98,56,107,107
95,55,110,110
97,57,106,106
94,55,110,110
94,55,110,110
94,57,107,107
93,57,108,108
94,58,105,105
92,57,108,108
92,57,108,108
91,56,109,109
91,55,110,110
91,56,109,109
90,56,109,109
91,57,107,107
90,56,108,108
90,56,109,109
90,57,107,107
88,56,109,109
88,56,109,109
88,56,108,108
86,55,110,110
85,55,111,111
86,56,108,108
85,57,107,107
86,58,104,104
83,57,107,107
78,53,115,115
78,54,113,113
78,55,112,112
76,54,114,114
75,54,113,113
77,57,108,108
72,53,116,116
71,53,116,116
70,53,116,116
70,53,115,115
69,54,115,115
68,53,116,116
67,53,116,116
65,52,118,118
65,52,118,118
64,52,119,119
63,52,119,119
64,53,116,116
64,53,116,116
62,52,119,119
63,53,115,115
63,54,114,114
64,55,112,112
64,56,109,109
63,55,111,111
63,55,111,111
63,55,110,110
62,54,112,112
62,54,112,112
63,54,111,111
64,55,109,109
62,53,113,113
62,53,112,112
60,51,117,117
64,54,110,110
61,52,115,115
60,50,119,119
61,50,118,118
61,50,119,119
62,51,116,116
63,51,116,116
62,51,118,118
63,52,116,116
63,51,117,117
62,50,119,119
62,51,118,118
62,51,118,118
62,51,118,118
63,51,117,117
63,51,118,118
63,51,118,118
62,50,120,120
63,51,117,117
62,50,119,119
63,51,117,117
62,50,119,119
63,51,118,118
62,50,119,119
64,52,116,116
65,53,113,113
65,54,112,112
62,51,118,118
63,52,116,116
64,53,114,114
64,55,112,112
66,57,107,107
63,56,111,111
63,57,109,109
61,55,113,113
60,55,113,113
60,56,112,112
62,60,105,105
62,61,103,103
68,62,100,100
65,61,102,102
60,58,109,109
68,61,100,100
71,60,100,100
63,56,111,111
58,54,116,116
69,61,100,100
71,60,100,100
58,51,119,119
56,52,119,119
67,61,100,100
60,57,108,108
51,53,119,119
62,61,100,100
64,60,100,100
51,51,120,120
61,60,100,100
62,59,100,100
63,58,100,100
48,50,119,119
47,54,114,114
55,60,100,100
55,59,100,100
56,58,100,100
40,48,124,124
36,49,124,124
50,61,100,100
50,60,100,100
37,52,119,119
34,55,116,116
29,55,119,119
25,55,121,121
24,58,119,119
21,59,119,119
19,60,120,120
17,61,120,120
17,62,118,118
14,61,121,121
14,63,120,120
14,64,118,118
15,66,115,115
15,68,111,111
11,63,120,120
11,63,120,120
10,63,122,122
15,66,114,114
15,66,115,115
14,64,117,117
28,71,100,100
34,68,100,100
22,56,124,124
23,58,121,121
39,66,100,100
27,55,124,124
32,58,116,116
34,61,112,112
35,61,111,111
37,62,109,109
40,64,104,104
40,62,107,107
38,59,113,113
41,60,111,111
43,60,111,111
46,61,108,108
47,60,108,108
51,62,104,104
51,60,107,107
51,58,111,111
52,56,113,113
55,57,111,111
57,56,111,111
56,54,115,115
59,55,113,113
61,55,113,113
59,51,120,120
62,52,117,117
62,50,121,121
64,49,121,121
66,50,120,120
69,50,119,119
72,51,117,117
74,50,117,117
76,51,116,116
77,49,118,118
80,50,116,116
82,50,116,116
83,49,118,118
86,50,116,116
88,50,114,114
89,50,115,115
89,48,118,118
93,51,113,113
93,49,117,117
92,47,120,120
95,49,117,117
99,52,111,111
97,49,117,117
98,49,117,117
102,51,111,111
102,51,112,112
103,51,112,112
103,50,114,114
108,55,104,104
110,57,100,100
109,55,103,103
109,55,104,104
107,53,108,108
109,54,105,105
111,56,101,101
111,55,102,102
110,54,105,105
110,54,105,105
110,54,105,105
111,55,104,104
109,53,108,108
109,52,109,109
109,53,109,109
112,55,105,105
112,55,105,105
110,53,109,109
112,54,107,107
113,55,106,106
113,55,106,106
113,55,107,107
113,54,108,108
115,56,105,105
114,55,107,107
113,53,110,110
115,55,107,107
115,55,107,107
116,56,105,105
116,55,107,107
116,54,108,108
116,54,108,108
116,53,110,110
116,53,110,110
117,53,110,110
118,54,109,109
118,54,109,109
119,55,107,107
118,53,110,110
119,54,108,108
119,54,109,109
119,54,108,108
118,53,110,110
118,53,111,111
118,53,110,110
118,53,110,110
119,54,109,109
117,53,111,111
117,52,112,112
117,53,111,111
116,52,113,113
117,53,111,111
116,52,113,113
117,54,110,110
118,54,109,109
118,55,108,108
118,55,109,109
116,53,112,112
116,54,111,111
116,54,111,111
118,56,108,108
117,55,110,110
117,56,108,108
117,56,109,109
118,57,107,107
118,57,107,107
117,56,108,108
118,58,106,106
118,57,107,107
116,56,110,110
116,56,110,110
116,56,109,109
116,56,109,109
116,56,109,109
117,57,108,108
117,57,108,108
116,55,110,110
116,56,109,109
116,56,109,109
116,55,110,110
118,57,106,106
118,57,106,106
117,57,106,106
117,57,107,107
116,57,108,108
116,57,107,107
116,58,106,106
117,59,105,105
114,57,109,109
115,58,108,108
113,57,110,110
114,58,109,109
114,58,109,109
113,57,110,110
113,58,109,109
112,57,112,112
110,55,115,115
112,57,112,112
112,58,110,110
113,59,109,109
112,59,110,110
111,59,111,111
110,59,112,112
108,58,114,114
107,57,116,116
108,59,114,114
108,60,112,112
107,60,113,113
109,62,109,109
108,62,109,109
106,61,111,111
105,60,113,113
101,58,119,119
102,59,117,117
103,61,113,113
102,60,115,115
101,60,116,116
100,60,116,116
98,59,119,119
97,59,120,120
98,61,116,116
96,60,120,120
96,60,119,119
97,62,116,116
97,64,114,114
95,63,117,117
93,62,119,119
95,64,115,115
95,66,113,113
92,64,118,118
93,66,114,114
90,64,119,119
91,66,116,116
89,65,119,119
88,66,119,119
88,67,118,118
86,66,121,121
86,67,119,119
84,66,123,123
85,68,120,120
84,68,120,120
84,69,120,120
82,69,121,121
81,69,123,123
81,69,122,122
80,70,122,122
80,71,121,121
80,72,119,119
78,71,122,122
76,70,125,125
76,71,123,123
74,70,126,126
75,73,122,122
72,72,125,125
71,72,125,125
71,74,123,123
69,73,125,125
69,74,125,125
67,73,126,126
65,73,128,128
65,74,126,126
64,74,126,126
64,75,125,125
63,75,125,125
61,74,127,127
59,73,129,129
58,74,129,129
57,74,130,130
56,74,130,130
54,73,133,133
52,72,135,135
53,74,133,133
51,73,134,134
49,72,138,138
50,75,133,133
50,75,132,132
49,75,134,134
47,74,136,136
47,75,134,134
46,75,135,135
45,74,137,137
44,75,137,137
44,75,137,137
44,75,137,137
42,74,139,139
43,76,137,137
40,73,142,142
39,73,143,143
39,73,143,143
40,74,141,141
38,73,143,143
38,73,143,143
39,74,142,142
37,72,145,145
35,70,149,149
37,72,146,146
36,71,148,148
35,70,149,149
35,70,149,149
36,70,148,148
36,70,148,148
36,70,148,148
35,70,149,149
35,70,149,149
34,69,150,150
36,71,147,147
34,70,149,149
35,70,148,148
33,69,152,152
34,71,149,149
32,70,152,152
34,72,147,147
33,73,147,147
30,71,151,151
31,72,149,149
30,72,150,150
29,73,150,150
30,75,147,147
28,73,151,151
28,75,148,148
27,75,149,149
25,73,152,152
25,73,152,152
25,74,152,152
24,74,152,152
24,74,151,151
24,74,151,151
25,75,149,149
24,75,150,150
25,76,147,147
26,77,147,147
25,75,149,149
26,77,146,146
26,77,147,147
25,75,149,149
26,76,148,148
26,75,149,149
27,76,147,147
26,75,149,149
26,75,149,149
28,77,147,147
27,76,148,148
28,76,147,147
28,76,148,148
29,76,147,147
29,76,148,148
30,77,146,146
29,75,149,149
31,76,146,146
30,75,149,149
30,74,150,150
33,76,146,146
34,76,145,145
34,75,147,147
34,75,148,148
34,74,150,150
35,74,149,149
38,76,145,145
37,74,149,149
39,75,147,147
38,73,151,151
40,73,150,150
42,74,147,147
46,77,142,142
44,74,147,147
46,74,146,146
47,74,145,145
48,74,145,145
47,71,149,149
51,74,144,144
52,73,145,145
54,74,142,142
53,71,147,147
57,74,141,141
58,74,141,141
58,72,143,143
59,72,142,142
62,74,138,138
62,72,140,140
64,72,139,139
64,72,139,139
68,74,134,134
68,72,137,137
69,72,137,137
70,71,137,137
71,71,137,137
70,68,141,141
74,71,135,135
71,67,143,143
74,69,138,138
78,71,133,133
77,69,137,137
76,67,140,140
75,65,144,144
82,70,133,133
82,69,135,135
80,66,140,140
85,70,132,132
85,69,134,134
87,70,132,132
85,67,138,138
85,65,140,140
88,67,136,136
94,72,127,127
94,71,128,128
93,69,131,131
94,69,132,132
95,69,131,131
97,70,128,128
98,69,128,128
98,69,128,128
99,69,127,127
98,68,129,129
99,68,129,129
100,68,128,128
101,68,126,126
101,67,127,127
101,67,127,127
101,66,127,127
102,67,125,125
103,67,124,124
102,65,126,126
103,66,124,124
102,65,126,126
102,65,126,126
106,68,119,119
106,68,119,119
105,66,121,121
104,65,123,123
105,65,122,122
106,65,121,121
105,64,123,123
106,64,122,122
107,64,121,121
108,65,118,118
107,63,122,122
108,63,121,121
107,61,124,124
108,62,122,122
110,63,119,119
111,63,119,119
112,63,118,118
110,61,123,123
112,62,120,120
111,60,123,123
111,60,124,124
112,60,123,123
113,60,122,122
114,60,122,122
113,59,124,124
115,60,121,121
115,59,122,122
117,60,120,120
117,60,121,121
116,58,124,124
118,59,122,122
118,59,121,121
118,59,122,122
118,58,123,123
120,59,120,120
120,60,119,119
121,60,118,118
119,59,120,120
119,59,120,120
119,59,120,120
119,60,119,119
122,62,113,113
122,63,112,112
121,62,112,112
119,61,115,115
120,61,113,113
118,60,116,116
118,61,114,114
118,60,115,115
118,61,113,113
118,61,113,113
118,61,112,112
117,60,114,114
117,60,114,114
117,60,114,114
118,62,110,110
118,62,110,110
116,60,114,114
116,59,114,114
116,60,114,114
116,61,112,112
115,59,115,115
115,60,114,114
115,61,112,112
115,60,112,112
114,61,112,112
115,61,110,110
114,61,110,110
114,62,109,109
113,62,109,109
113,62,108,108
113,62,108,108
113,62,108,108
112,61,109,109
112,61,108,108
112,62,107,107
112,61,107,107
111,61,107,107
111,61,107,107
110,61,108,108
110,61,108,108
109,60,109,109
110,61,107,107
110,61,108,108
109,60,108,108
108,60,110,110
109,60,108,108
109,60,109,109
109,60,108,108
109,60,109,109
109,60,108,108
110,60,107,107
109,60,108,108
109,60,108,108
109,60,108,108
109,60,108,108
110,60,107,107
109,60,108,108
110,61,106,106
109,59,110,110
109,60,109,109
108,58,112,112
110,60,108,108
110,60,108,108
111,60,108,108
111,60,108,108
111,60,108,108
111,61,107,107
111,60,109,109
111,60,108,108
112,61,107,107
112,60,107,107
112,60,108,108
111,59,110,110
112,60,109,109
113,60,108,108
113,60,109,109
113,60,109,109
111,58,113,113
111,57,113,113
111,57,113,113
112,58,112,112
112,58,112,112
113,58,111,111
113,58,111,111
113,58,111,111
113,58,111,111
111,56,115,115
113,57,112,112
113,57,112,112
114,59,109,109
113,57,112,112
113,58,111,111
111,56,115,115
113,58,110,110
113,58,111,111
113,58,110,110
114,59,109,109
115,60,107,107
113,59,109,109
113,58,110,110
112,58,111,111
114,59,108,108
112,58,111,111
112,58,110,110
111,57,112,112
112,58,111,111
113,59,110,110
112,58,111,111
112,58,111,111
111,57,113,113
112,58,111,111
113,58,110,110
112,58,111,111
113,58,110,110
113,58,110,110
113,59,109,109
114,60,108,108
114,60,108,108
111,57,114,114
114,59,109,109
113,59,110,110
114,60,108,108
113,59,111,111
112,57,114,114
113,58,112,112
112,57,114,114
114,59,111,111
113,58,112,112
115,60,109,109
114,59,111,111
115,60,109,109
115,59,110,110
114,58,112,112
114,58,112,112
115,58,111,111
114,57,113,113
114,57,114,114
115,58,112,112
115,58,111,111
114,57,113,113
116,58,111,111
113,56,115,115
115,58,112,112
114,57,114,114
115,58,111,111
116,59,109,109
117,60,108,108
118,61,106,106
114,57,113,113
114,57,113,113
115,58,111,111
116,58,110,110
116,58,110,110
115,57,112,112
118,60,106,106
116,58,110,110
116,59,109,109
115,58,111,111
115,58,111,111
115,58,111,111
116,58,110,110
116,58,111,111
116,59,110,110
117,59,109,109
118,60,108,108
118,60,108,108
117,59,110,110
117,59,110,110
117,58,111,111
117,58,111,111
116,58,113,113
114,56,117,117
114,56,117,117
117,58,113,113
116,57,115,115
116,57,115,115
117,58,113,113
117,57,114,114
116,56,115,115
119,59,110,110
118,57,113,113
119,58,111,111
120,59,109,109
119,58,110,110
119,58,110,110
121,59,107,107
119,57,111,111
121,60,106,106
118,56,113,113
119,57,111,111
120,58,110,110
119,57,111,111
119,57,112,112
119,57,112,112
118,56,113,113
120,58,110,110
119,57,113,113
120,59,109,109
121,60,107,107
119,58,111,111
120,59,109,109
120,58,110,110
119,57,111,111
119,57,112,112
119,56,112,112
119,57,112,112
120,58,109,109
119,57,112,112
119,57,112,112
118,56,113,113
122,60,106,106
124,62,102,102
123,61,104,104
121,59,107,107
120,58,109,109
123,61,104,104
123,62,102,102
121,59,107,107
122,60,105,105
121,60,105,105
120,59,108,108
120,59,108,108
117,56,113,113
119,58,109,109
118,57,112,112
120,59,108,108
119,59,109,109
120,59,108,108
118,57,112,112
120,60,107,107
118,58,111,111
119,58,110,110
119,58,110,110
122,61,104,104
120,60,108,108
120,60,108,108
120,60,107,107
120,60,109,109
121,61,106,106
121,61,106,106
120,60,108,108
120,60,108,108
119,60,109,109
121,61,106,106
121,61,106,106
120,60,107,107
121,62,104,104
119,60,107,107
118,59,109,109
118,59,110,110
119,60,108,108
119,60,108,108
121,62,104,104
120,61,106,106
121,61,105,105
120,60,106,106
121,61,105,105
120,60,108,108
120,60,107,107
120,60,108,108
118,58,112,112
119,59,111,111
118,59,112,112
119,59,111,111
117,58,114,114
117,58,115,115
119,60,112,112
119,60,112,112
119,60,112,112
119,61,111,111
119,61,111,111
118,60,114,114
119,61,112,112
118,61,112,112
119,62,110,110
120,63,108,108
119,63,109,109
119,63,109,109
119,63,109,109
119,63,109,109
118,63,109,109
118,63,109,109
118,64,109,109
119,64,108,108
119,64,109,109
119,64,109,109
118,64,110,110
118,64,110,110
117,62,113,113
119,64,109,109
119,64,109,109
118,62,112,112
118,62,113,113
119,63,111,111
118,62,112,112
117,60,115,115
117,60,116,116
117,60,115,115
117,60,115,115
118,61,112,112
118,61,113,113
118,60,113,113
118,60,113,113
117,59,114,114
117,59,114,114
118,60,113,113
117,58,115,115
118,60,112,112
117,59,114,114
118,59,113,113
118,59,113,113
116,57,116,116
116,57,116,116
117,58,115,115
119,59,112,112
120,61,109,109
118,59,112,112
118,59,113,113
117,58,115,115
118,59,112,112
118,59,113,113
116,57,116,116
118,60,111,111
118,60,111,111
118,60,111,111
118,60,111,111
117,59,112,112
117,59,113,113
117,59,112,112
118,60,111,111
117,59,112,112
118,60,110,110
116,58,114,114
117,59,112,112
117,58,113,113
116,57,115,115
117,58,113,113
117,58,113,113
118,59,111,111
118,59,111,111
117,58,113,113
117,59,112,112
117,58,113,113
117,58,113,113
118,58,112,112
118,59,111,111
118,59,111,111
118,59,111,111
118,58,113,113
119,59,110,110
118,58,112,112
118,58,111,111
118,58,111,111
120,60,108,108
120,60,107,107
119,58,110,110
118,57,111,111
118,57,112,112
119,58,109,109
118,57,111,111
119,58,110,110
119,57,110,110
119,57,110,110
120,58,107,107
119,57,109,109
119,57,108,108
120,58,106,106
120,57,107,107
119,56,110,110
120,57,106,106
121,57,105,105
120,57,106,106
121,57,105,105
122,58,103,103
121,57,104,104
121,56,104,104
122,56,103,103
122,57,102,102
123,57,100,100
123,57,101,101
123,56,101,101
123,56,101,101
123,56,100,100
124,56,99,99
124,56,98,98
124,56,98,98
124,56,97,97
125,57,96,96
125,56,96,96
123,55,99,99
124,55,97,97
123,55,98,98
124,55,96,96
123,55,97,97
124,55,96,96
123,54,97,97
124,55,95,95
123,55,95,95
123,55,95,95
124,55,93,93
124,55,93,93
123,55,93,93
123,54,93,93
123,54,93,93
123,54,94,94
124,56,90,90
124,56,90,90
124,55,90,90
124,55,90,90
124,56,88,88
124,56,89,89
125,57,86,86
124,56,88,88
127,59,82,82
126,59,83,83
124,57,87,87
125,59,83,83
126,59,82,82
126,60,81,81
127,62,78,78
129,63,75,75
126,61,79,79
124,60,82,82
125,61,79,79
124,60,80,80
124,60,80,80
124,60,80,80
124,60,80,80
123,60,80,80
123,60,80,80
123,60,80,80
123,60,80,80
122,60,80,80
122,60,80,80
122,59,80,80
122,59,80,80
122,59,80,80
121,59,80,80
121,59,80,80
121,59,80,80
121,59,80,80
120,59,80,80
120,59,80,80
120,59,80,80
120,59,80,80
119,59,80,80
119,59,80,80
119,58,80,80
119,58,80,80
118,58,80,80
118,58,80,80
118,58,80,80
118,58,80,80
118,58,80,80
117,58,80,80
117,58,80,80
117,58,80,80
117,58,80,80
116,58,80,80
116,57,80,80
116,57,80,80
116,57,80,80
115,57,80,80
115,57,80,80
115,57,80,80
115,57,80,80
114,57,80,80
114,57,80,80
114,57,80,80
114,57,80,80
114,57,80,80
113,56,80,80
113,56,80,80
113,56,80,80
113,56,80,80
112,56,80,80
112,56,80,80
112,56,80,80
112,56,80,80
111,56,80,80
111,56,80,80
111,56,80,80
111,56,80,80
110,55,80,80
110,55,80,80
110,55,80,80
110,55,80,80
110,55,80,80
109,55,80,80
109,55,80,80
109,55,80,80
109,55,80,80
108,55,80,80
108,55,80,80
108,55,80,80
108,54,80,80
107,54,80,80
107,54,80,80
107,54,80,80
107,54,80,80
106,54,80,80
106,54,80,80
106,54,80,80
106,64,79,79
106,64,79,79
107,66,75,75
106,66,75,75
106,67,75,75
106,67,75,75
106,67,75,75
105,67,75,75
105,67,75,75
99,65,79,79
89,56,80,80
89,55,80,80
80,47,84,84
89,57,70,70
84,53,81,81
88,59,73,73
79,50,83,83
74,45,86,86
80,52,77,77
74,45,84,84
83,55,68,68
82,55,72,72
81,55,75,75
83,58,71,71
83,58,72,72
83,59,73,73
80,58,77,77
80,58,77,77
79,58,79,79
79,60,77,77
80,61,75,75
81,63,72,72
81,64,70,70
79,63,72,72
77,63,72,72
75,63,73,73
75,64,72,72
74,64,71,71
72,64,71,71
70,64,73,73
69,64,72,72
68,65,71,71
66,65,71,71
66,65,70,70
63,64,73,73
61,64,74,74
60,64,74,74
59,64,75,75
59,65,72,72
57,65,73,73
56,65,74,74
55,65,74,74
55,65,73,73
54,66,73,73
55,68,68,68
52,66,72,72
51,65,74,74
49,64,76,76
49,66,73,73
50,67,71,71
50,68,70,70
48,67,72,72
48,67,71,71
47,66,73,73
46,66,75,75
47,66,74,74
46,65,76,76
47,66,74,74
49,67,72,72
48,66,74,74
47,65,77,77
49,65,75,75
50,66,75,75
53,67,72,72
54,67,72,72
55,66,73,73
55,65,74,74
57,65,75,75
59,66,72,72
61,65,73,73
61,64,76,76
63,65,74,74
63,62,79,79
66,64,76,76
67,64,76,76
69,63,77,77
71,64,76,76
73,64,75,75
74,63,77,77
75,63,77,77
77,64,76,76
77,62,80,80
81,64,75,75
83,64,75,75
82,62,80,80
86,64,76,76
79,54,86,86
81,52,81,81
81,49,79,79
77,43,86,86
84,49,77,77
86,49,79,79
90,52,77,77
93,53,77,77
96,54,77,77
97,54,79,79
100,55,78,78
101,55,81,81
108,59,74,74
107,57,80,80
111,59,77,77
112,58,79,79
116,59,77,77
118,60,76,76
119,59,79,79
121,59,78,78
122,58,81,81
124,59,80,80
128,61,76,76
128,60,79,79
130,60,78,78
131,60,80,80
134,61,77,77
135,61,78,78
135,59,82,82
138,60,79,79
140,60,78,78
144,62,74,74
144,60,78,78
145,60,78,78
148,62,75,75
149,60,78,78
149,59,80,80
152,60,77,77
155,61,76,76
158,63,72,72
156,59,80,80
158,59,79,79
161,60,77,77
158,54,79,79
159,54,81,81
160,54,82,82
165,57,75,75
165,55,79,79
166,55,79,79
168,56,79,79
170,55,79,79
169,53,85,85
171,53,85,85
177,58,76,76
179,58,76,76
177,55,83,83
179,55,83,83
181,55,83,83
182,55,83,83
184,55,83,83
190,60,76,76
189,58,80,80
189,57,84,84
190,57,84,84
192,57,84,84
195,60,80,80
196,61,79,79
197,61,79,79
199,61,79,79
200,61,79,79
202,61,79,79
204,61,79,79
205,62,79,79
207,62,79,79
208,62,79,79
210,62,79,79
211,62,79,79
213,62,79,79
214,62,79,79
216,63,79,79
218,63,79,79
219,63,79,79
221,63,79,79
222,63,79,79
224,63,79,79
225,63,79,79
227,63,79,79
228,64,79,79
230,64,79,79
232,64,79,79
233,64,79,79
235,64,79,79
236,64,79,79
238,64,79,79
239,65,79,79
202,61,80,80
198,61,79,79
195,60,81,81
194,60,79,79
192,60,80,80
192,60,80,80
188,58,84,84
188,58,84,84
183,55,89,89
183,56,89,89
183,56,89,89
182,59,83,83
179,58,83,83
177,59,82,82
170,55,91,91
170,55,91,91
169,55,91,91
168,55,91,91
168,55,91,91
167,58,84,84
167,60,79,79
165,60,78,78
164,60,78,78
162,60,78,78
159,60,78,78
156,59,80,80
154,59,79,79
153,59,79,79
152,61,76,76
147,59,81,81
145,59,81,81
142,58,83,83
142,60,79,79
137,58,84,84
138,60,79,79
135,60,80,80
131,58,84,84
131,60,80,80
128,60,81,81
126,59,82,82
119,55,92,92
122,60,83,83
122,62,79,79
120,62,79,79
120,63,78,78
114,58,87,87
113,60,85,85
115,62,80,80
114,63,79,79
112,62,82,82
112,62,81,81
111,62,81,81
111,64,79,79
110,63,81,81
108,62,83,83
108,62,83,83
107,62,85,85
109,64,81,81
107,62,85,85
105,61,88,88
107,63,84,84
107,64,84,84
108,65,82,82
106,62,87,87
103,59,94,94
105,61,90,90
105,62,89,89
108,64,85,85
107,64,86,86
105,62,90,90
105,62,91,91
106,62,91,91
105,61,92,92
106,61,92,92
105,61,93,93
105,60,95,95
106,61,93,93
107,62,91,91
107,62,92,92
106,61,94,94
106,61,94,94
107,61,94,94
106,60,96,96
106,60,96,96
108,62,93,93
109,62,92,92
109,62,93,93
109,62,92,92
108,61,95,95
109,62,94,94
109,61,95,95
108,61,96,96
108,60,98,98
109,62,95,95
108,61,98,98
109,61,97,97
109,61,98,98
108,61,99,99
108,61,101,101
108,61,100,100
108,61,101,101
109,63,99,99
108,62,101,101
108,61,102,102
109,62,101,101
110,63,100,100
109,61,103,103
109,62,103,103
111,63,101,101
111,63,101,101
111,63,101,101
113,64,99,99
113,63,100,100
112,62,102,102
113,62,102,102
114,63,100,100
115,63,100,100
115,64,100,100
115,63,102,102
115,63,101,101
115,62,103,103
116,63,101,101
115,62,102,102
117,63,100,100
116,62,102,102
116,62,102,102
115,62,103,103
116,63,101,101
116,63,102,102
116,63,102,102
117,64,100,100
116,62,103,103
117,63,102,102
116,63,103,103
117,63,102,102
118,64,100,100
118,64,101,101
118,64,101,101
118,64,101,101
119,65,100,100
120,65,99,99
119,64,102,102
118,64,103,103
119,64,102,102
118,63,104,104
120,65,100,100
119,63,103,103
121,65,100,100
121,65,99,99
121,64,100,100
120,64,101,101
119,63,103,103
121,64,101,101
120,63,102,102
119,62,105,105
120,63,103,103
121,64,101,101
119,62,105,105
119,62,104,104
121,64,101,101
121,64,100,100
120,64,101,101
119,63,103,103
121,64,100,100
121,64,100,100
120,63,102,102
118,62,105,105
117,61,106,106
118,62,104,104
117,61,106,106
117,61,106,106
120,64,101,101
120,63,102,102
119,62,104,104
118,62,105,105
121,64,100,100
118,61,106,106
118,61,106,106
117,61,107,107
117,61,107,107
117,61,107,107
118,61,106,106
118,61,106,106
117,61,107,107
117,61,107,107
117,60,108,108
120,63,103,103
120,62,103,103
120,62,103,103
119,61,106,106
119,61,106,106
120,61,105,105
120,61,105,105
119,61,106,106
119,61,106,106
120,62,105,105
120,62,104,104
120,62,105,105
120,62,105,105
121,62,104,104
120,62,105,105
121,62,104,104
121,62,104,104
122,63,102,102
121,62,104,104
120,62,105,105
121,62,104,104
120,62,105,105
120,62,104,104
120,62,104,104
120,62,104,104
116,58,112,112
117,59,110,110
117,61,108,108
116,60,110,110
117,60,109,109
117,61,108,108
117,60,110,110
115,58,114,114
114,57,116,116
117,60,110,110
115,57,115,115
117,58,112,112
118,59,110,110
118,59,111,111
117,57,114,114
118,57,113,113
115,53,121,121
116,54,120,120
119,55,117,117
120,56,116,116
121,56,115,115
124,57,112,112
123,56,114,114
124,56,114,114
126,57,111,111
124,55,114,114
124,55,114,114
124,54,116,116
127,57,110,110
126,56,112,112
123,54,117,117
125,56,112,112
124,56,113,113
125,58,109,109
126,59,107,107
124,58,109,109
124,59,107,107
125,61,103,103
124,61,103,103
123,62,102,102
120,61,104,104
120,64,100,100
117,62,104,104
116,63,102,102
116,64,100,100
115,64,100,100
113,65,99,99
112,65,99,99
109,63,103,103
108,64,102,102
106,63,104,104
107,65,100,100
105,64,101,101
104,63,103,103
103,64,102,102
102,63,104,104
103,64,101,101
103,64,101,101
102,64,102,102
102,63,103,103
104,65,99,99
103,64,102,102
103,64,102,102
104,64,102,102
105,64,102,102
106,65,100,100
107,65,100,100
106,63,104,104
108,64,102,102
108,63,103,103
109,64,102,102
110,64,102,102
111,65,101,101
112,65,101,101
