118,56,100,100
117,55,100,100
119,55,99,99
120,57,98,98
117,55,102,102
118,56,101,101
118,56,101,101
118,55,101,101
119,56,100,100
118,55,103,103
118,56,100,100
118,57,99,99
118,56,101,101
116,55,104,104
117,55,104,104
117,55,104,104
115,54,107,107
116,55,104,104
117,55,104,104
116,55,104,104
116,55,105,105
116,56,103,103
116,56,104,104
117,56,102,102
116,56,103,103
116,55,105,105
115,55,106,106
117,55,104,104
116,54,107,107
119,57,102,102
120,57,101,101
120,56,103,103
122,57,102,102
123,56,104,104
125,56,104,104
125,54,105,105
126,55,105,105
128,55,104,104
129,56,103,103
130,54,108,108
132,55,105,105
133,55,104,104
136,55,106,106
138,56,104,104
141,54,105,105
142,55,105,105
144,54,108,108
146,54,106,106
147,53,108,108
148,54,107,107
151,55,106,106
150,52,112,112
153,54,107,107
154,55,106,106
157,53,105,105
155,50,113,113
159,52,109,109
160,54,106,106
160,53,110,110
164,54,105,105
164,52,107,107
166,52,107,107
166,52,106,106
167,52,109,109
169,52,109,109
172,52,108,108
174,54,104,104
177,54,106,106
179,55,103,103
180,56,104,104
184,56,103,103
183,54,104,104
183,53,111,111
185,52,109,109
188,55,105,105
187,53,109,109
190,55,106,106
191,54,105,105
192,55,105,105
193,53,108,108
193,52,110,110
195,54,106,106
195,54,107,107
196,54,109,109
199,56,103,103
198,55,107,107
198,55,107,107
196,53,111,111
198,55,107,107
201,56,102,102
200,56,105,105
201,57,104,104
201,55,106,106
202,56,104,104
203,56,104,104
200,56,106,106
202,57,103,103
199,56,107,107
200,57,103,103
195,55,109,109
197,56,104,104
198,57,104,104
194,55,106,106
193,55,107,107
191,55,107,107
189,55,105,105
186,53,109,109
186,55,107,107
184,55,103,103
182,55,104,104
182,55,104,104
179,54,107,107
178,55,105,105
174,55,104,104
172,54,105,105
168,52,110,110
165,53,106,106
162,53,107,107
161,54,104,104
158,53,107,107
156,54,107,107
155,54,104,104
151,52,108,108
152,54,102,102
146,54,108,108
145,54,106,106
144,56,102,102
142,55,102,102
141,57,101,101
137,54,106,106
138,57,101,101
135,55,103,103
134,55,103,103
134,55,102,102
134,55,102,102
132,56,102,102
130,56,103,103
130,55,103,103
130,55,101,101
128,55,101,101
127,56,102,102
126,56,102,102
125,55,103,103
124,53,104,104
123,53,105,105
124,55,101,101
124,56,101,101
123,54,104,104
123,56,101,101
122,54,102,102
121,54,103,103
120,53,106,106
121,54,104,104
120,54,105,105
120,54,104,104
119,53,103,103
118,53,104,104
116,53,106,106
116,53,106,106
117,55,103,103
116,55,103,103
115,55,105,105
111,53,106,106
111,55,103,103
109,56,105,105
108,54,104,104
107,55,105,105
106,55,107,107
105,58,103,103
102,55,107,107
101,56,106,106
100,58,103,103
98,58,104,104
95,57,103,103
94,58,104,104
92,58,104,104
89,58,104,104
87,58,105,105
86,59,103,103
85,61,102,102
83,60,101,101
79,59,105,105
79,58,105,105
79,59,103,103
76,58,105,105
74,58,105,105
73,59,105,105
70,59,104,104
67,58,107,107
66,58,106,106
63,58,107,107
62,58,108,108
58,58,110,110
57,60,108,108
56,60,108,108
53,59,109,109
52,62,107,107
49,59,110,110
48,60,111,111
44,57,115,115
43,60,112,112
41,58,115,115
40,61,112,112
38,59,115,115
36,61,115,115
35,62,113,113
34,62,113,113
33,62,113,113
32,63,114,114
32,63,112,112
30,64,113,113
26,63,115,115
23,64,116,116
24,62,116,116
24,64,115,115
24,63,115,115
21,62,118,118
22,63,116,116
22,64,116,116
22,64,116,116
22,64,116,116
22,63,117,117
23,64,117,117
24,64,115,115
27,65,113,113
27,64,114,114
28,63,116,116
30,64,114,114
31,63,115,115
31,62,116,116
35,64,112,112
35,64,112,112
35,62,116,116
39,66,111,111
42,65,108,108
44,62,112,112
47,62,110,110
48,61,113,113
51,61,112,112
52,60,113,113
55,60,114,114
57,60,112,112
58,59,115,115
61,59,112,112
64,59,110,110
67,61,108,108
69,59,110,110
70,57,113,113
72,56,113,113
74,58,110,110
79,59,110,110
80,58,109,109
83,59,107,107
84,59,109,109
86,58,107,107
86,58,108,108
89,56,109,109
92,59,105,105
93,57,108,108
100,59,105,105
99,54,111,111
104,59,104,104
105,58,107,107
106,55,109,109
107,56,109,109
111,58,105,105
111,57,106,106
113,55,108,108
115,56,107,107
116,56,107,107
117,57,104,104
116,53,109,109
119,55,105,105
119,55,109,109
119,53,108,108
122,55,105,105
119,53,110,110
120,52,110,110
121,53,107,107
121,54,106,106
122,55,106,106
123,56,105,105
123,55,105,105
123,57,106,106
123,56,105,105
122,55,107,107
122,55,107,107
123,57,105,105
123,57,104,104
123,57,105,105
124,57,104,104
123,54,106,106
123,53,106,106
123,53,106,106
123,54,104,104
121,52,107,107
122,52,102,102
120,50,106,106
119,49,106,106
118,46,109,109
119,47,105,105
121,48,102,102
119,44,105,105
118,44,106,106
118,44,106,106
118,42,107,107
118,42,104,104
116,39,106,106
116,39,104,104
115,37,105,105
114,35,108,108
114,36,105,105
114,35,106,106
115,33,106,106
113,31,107,107
113,31,106,106
113,29,108,108
113,30,107,107
113,30,105,105
110,26,110,110
109,26,108,108
109,25,109,109
108,22,110,110
108,22,111,111
107,22,111,111
107,21,109,109
106,21,109,109
107,23,106,106
105,20,110,110
106,20,109,109
105,19,109,109
107,21,107,107
106,21,107,107
106,20,109,109
106,21,108,108
105,23,107,107
105,22,109,109
106,23,108,108
105,23,109,109
104,22,112,112
106,27,107,107
106,27,108,108
106,28,107,107
107,29,106,106
106,30,107,107
105,31,108,108
105,30,109,109
104,32,110,110
105,34,111,111
104,34,112,112
103,35,112,112
103,35,112,112
104,39,109,109
105,39,109,109
103,41,111,111
102,42,112,112
104,45,108,108
103,44,112,112
103,47,112,112
104,49,109,109
102,49,110,110
104,52,108,108
104,54,107,107
103,53,109,109
104,57,108,108
101,55,112,112
101,56,111,111
102,58,110,110
101,59,113,113
101,61,113,113
100,61,115,115
99,61,118,118
99,62,117,117
101,66,114,114
100,66,114,114
100,66,114,114
101,69,114,114
101,70,114,114
100,73,114,114
99,73,118,118
99,77,117,117
100,77,116,116
99,81,113,113
98,81,116,116
98,84,114,114
97,85,113,113
96,87,114,114
95,87,115,115
96,88,114,114
95,89,113,113
94,90,114,114
94,92,113,113
94,92,113,113
94,93,113,113
94,93,112,112
94,93,114,114
94,92,114,114
94,94,114,114
93,94,114,114
92,93,115,115
93,94,113,113
93,93,112,112
93,92,115,115
94,92,111,111
94,93,109,109
93,90,112,112
93,89,113,113
93,88,114,114
92,87,114,114
92,86,113,113
94,86,111,111
92,83,114,114
92,84,114,114
91,81,116,116
93,82,113,113
92,80,114,114
93,78,114,114
94,77,112,112
93,76,113,113
93,75,114,114
94,74,111,111
94,74,112,112
94,72,111,111
94,73,110,110
95,73,108,108
94,71,110,110
93,71,110,110
91,67,113,113
91,65,115,115
93,65,110,110
93,63,112,112
93,61,110,110
93,62,111,111
93,60,112,112
92,58,115,115
92,58,112,112
91,55,114,114
93,58,111,111
91,54,113,113
92,53,112,112
94,54,109,109
93,52,112,112
93,52,112,112
94,51,110,110
94,50,109,109
95,50,109,109
95,50,108,108
95,50,108,108
96,50,106,106
94,50,109,109
96,50,108,108
95,51,106,106
95,50,108,108
96,50,107,107
97,51,106,106
97,51,107,107
97,50,107,107
96,50,108,108
97,51,107,107
96,50,108,108
96,50,107,107
96,49,108,108
97,50,106,106
98,51,105,105
97,50,105,105
97,50,107,107
97,51,107,107
98,51,106,106
99,53,104,104
99,52,104,104
99,52,105,105
99,51,105,105
98,50,106,106
99,50,108,108
101,51,107,107
101,52,105,105
101,52,105,105
101,52,105,105
102,54,103,103
101,54,105,105
100,53,105,105
103,55,102,102
102,54,105,105
102,54,106,106
101,53,108,108
103,54,103,103
103,54,105,105
103,54,104,104
105,56,101,101
103,54,104,104
104,55,103,103
104,54,103,103
105,56,101,101
104,53,105,105
105,55,102,102
105,55,102,102
105,55,102,102
103,53,106,106
105,56,102,102
104,54,103,103
105,54,101,101
104,54,103,103
104,54,104,104
104,55,102,102
104,54,104,104
102,52,106,106
103,53,104,104
101,52,107,107
103,55,104,104
103,54,104,104
103,53,104,104
102,54,104,104
103,54,104,104
102,53,106,106
104,55,102,102
101,52,108,108
102,52,107,107
101,50,110,110
103,51,108,108
102,51,109,109
102,50,110,110
102,49,111,111
103,50,111,111
102,47,115,115
103,50,112,112
103,49,114,114
104,48,113,113
106,51,109,109
105,49,111,111
105,46,119,119
105,48,114,114
106,46,117,117
107,47,114,114
106,45,115,115
105,45,119,119
107,46,117,117
106,47,117,117
109,47,114,114
111,47,117,117
109,47,117,117
107,45,122,122
112,49,114,114
109,44,122,122
111,46,119,119
111,46,119,119
112,48,116,116
113,47,115,115
110,45,120,120
111,44,119,119
113,45,120,120
111,44,120,120
111,44,120,120
111,44,120,120
109,43,124,124
120,54,100,100
114,45,119,119
114,44,120,120
113,43,119,119
111,44,120,120
115,44,120,120
115,45,117,117
114,45,118,118
115,45,116,116
114,43,120,120
112,44,117,117
115,44,116,116
112,42,124,124
121,56,96,96
121,54,99,99
112,44,121,121
110,42,124,124
112,40,124,124
121,54,98,98
115,44,120,120
112,44,120,120
115,44,119,119
115,44,120,120
121,55,98,98
114,42,124,124
114,42,124,124
122,56,96,96
122,55,98,98
122,55,98,98
115,43,120,120
114,41,124,124
123,56,96,96
116,44,120,120
123,54,99,99
117,44,120,120
118,43,116,116
118,44,120,120
119,44,114,114
116,43,119,119
117,40,130,130
122,45,116,116
123,46,114,114
122,44,119,119
127,54,99,99
122,44,120,120
122,45,114,114
126,46,114,114
123,41,125,125
126,44,120,120
132,54,98,98
132,53,99,99
133,54,98,98
134,54,98,98
133,54,99,99
137,55,96,96
137,55,96,96
131,43,120,120
133,44,111,111
140,54,98,98
133,42,125,125
134,44,121,121
135,45,118,118
136,42,124,124
137,44,125,125
138,44,122,122
141,46,117,117
143,44,120,120
144,43,119,119
147,45,117,117
145,44,120,120
146,45,119,119
146,43,122,122
145,44,125,125
151,46,114,114
152,46,112,112
151,45,119,119
153,47,112,112
152,46,116,116
154,46,116,116
151,45,119,119
157,46,114,114
160,47,107,107
154,42,119,119
159,47,114,114
161,47,114,114
159,44,120,120
156,42,124,124
168,55,96,96
162,45,119,119
172,56,92,92
172,57,92,92
169,48,111,111
166,47,116,116
164,46,120,120
165,45,121,121
165,44,124,124
168,44,122,122
173,48,112,112
173,48,114,114
176,48,108,108
176,48,109,109
176,51,110,110
183,57,92,92
184,58,90,90
177,45,124,124
186,58,90,90
187,58,90,90
187,57,92,92
189,57,90,90
192,59,87,87
191,59,88,88
187,52,110,110
189,52,108,108
185,50,120,120
188,50,114,114
188,50,114,114
190,54,108,108
194,59,90,90
188,47,120,120
197,59,88,88
190,49,119,119
189,48,118,118
188,50,119,119
193,50,114,114
199,59,88,88
193,50,111,111
195,54,106,106
191,49,114,114
191,49,116,116
192,50,114,114
190,47,119,119
192,50,114,114
192,50,114,114
189,47,120,120
189,46,120,120
188,48,120,120
189,48,117,117
189,48,117,117
195,58,88,88
194,59,88,88
188,50,114,114
189,52,111,111
188,52,106,106
187,52,108,108
190,59,88,88
182,50,114,114
180,48,117,117
188,59,88,88
186,59,90,90
180,47,116,116
184,58,92,92
183,57,92,92
180,57,94,94
172,48,119,119
172,50,113,113
169,46,119,119
172,48,112,112
167,46,116,116
161,42,129,129
172,56,94,94
171,57,94,94
166,47,114,114
165,47,111,111
169,56,96,96
167,56,96,96
163,49,114,114
158,46,116,116
163,56,98,98
163,55,98,98
159,45,114,114
158,50,107,107
153,47,116,116
153,46,116,116
156,49,108,108
146,41,128,128
148,45,117,117
148,46,119,119
153,55,98,98
147,48,116,116
150,55,99,99
144,45,119,119
144,45,119,119
139,43,128,128
146,55,98,98
134,41,130,130
138,46,119,119
135,43,122,122
135,43,125,125
133,42,127,127
134,46,115,115
130,44,120,120
128,42,129,129
123,39,134,134
134,55,99,99
133,54,99,99
122,43,121,121
124,45,119,119
130,56,96,96
116,40,125,125
127,56,98,98
121,48,111,111
116,45,114,114
114,43,121,121
116,46,114,114
114,45,116,116
120,56,98,98
111,44,124,124
110,42,124,124
108,41,128,128
107,44,124,124
111,46,114,114
109,46,116,116
116,56,98,98
107,43,125,125
114,57,98,98
115,56,98,98
109,47,116,116
108,49,114,114
105,45,120,120
107,46,118,118
107,46,118,118
105,45,120,120
103,44,124,124
102,44,124,124
103,45,124,124
100,43,129,129
99,45,128,128
101,45,124,124
99,46,124,124
100,46,120,120
98,45,127,127
95,48,122,122
97,47,122,122
99,47,122,122
103,50,115,115
100,48,117,117
100,51,117,117
99,48,116,116
97,47,122,122
99,52,116,116
100,54,113,113
101,55,110,110
99,54,111,111
98,54,112,112
100,56,110,110
98,55,110,110
98,56,108,108
97,56,108,108
97,57,107,107
95,54,110,110
96,57,106,106
95,56,110,110
93,56,110,110
94,57,107,107
94,57,108,108
95,59,105,105
94,56,108,108
94,56,108,108
93,55,109,109
92,55,110,110
92,56,109,109
92,57,109,109
93,57,107,107
92,56,108,108
90,55,109,109
90,57,107,107
88,56,109,109
88,56,109,109
87,56,108,108
86,55,110,110
84,55,111,111
84,57,108,108
83,58,107,107
84,59,104,104
81,58,107,107
76,54,115,115
77,54,113,113
76,55,112,112
75,54,114,114
75,54,113,113
76,57,108,108
71,53,116,116
72,53,116,116
68,54,116,116
70,54,115,115
69,55,115,115
67,54,116,116
67,53,116,116
67,53,118,118
67,53,118,118
66,53,119,119
65,52,119,119
66,52,116,116
65,53,116,116
63,52,119,119
64,52,115,115
65,54,114,114
64,54,112,112
65,56,109,109
65,54,111,111
67,54,111,111
66,54,110,110
65,53,112,112
65,55,112,112
66,54,111,111
67,54,109,109
66,54,113,113
65,54,112,112
64,52,117,117
66,55,110,110
65,52,115,115
65,50,119,119
64,52,118,118
64,51,119,119
66,52,116,116
65,52,116,116
65,52,118,118
67,53,116,116
64,52,117,117
64,51,119,119
62,51,118,118
63,51,118,118
64,51,118,118
65,52,117,117
64,52,118,118
64,52,118,118
62,50,120,120
65,52,117,117
62,51,119,119
64,51,117,117
63,50,119,119
63,53,118,118
63,51,119,119
64,53,116,116
64,53,113,113
64,55,112,112
63,53,118,118
65,54,116,116
63,54,114,114
61,57,112,112
61,57,107,107
61,58,111,111
62,56,109,109
59,57,113,113
57,58,113,113
58,58,112,112
57,61,105,105
57,63,103,103
91,56,98,98
57,63,102,102
55,62,109,109
87,56,99,99
85,56,99,99
49,60,111,111
48,58,116,116
81,56,99,99
80,56,99,99
42,58,119,119
42,58,119,119
77,56,99,99
44,60,108,108
36,58,119,119
71,56,101,101
71,56,101,101
35,57,120,120
66,56,104,104
65,55,106,106
64,55,106,106
23,59,119,119
28,60,114,114
60,54,108,108
60,55,108,108
59,56,106,106
21,57,124,124
21,57,124,124
56,55,108,108
56,55,108,108
18,61,119,119
16,64,116,116
18,63,119,119
15,62,121,121
18,64,119,119
18,64,119,119
17,65,120,120
14,64,120,120
17,64,118,118
18,62,121,121
18,65,120,120
17,65,118,118
17,66,115,115
17,67,111,111
17,59,120,120
19,61,120,120
19,62,122,122
23,64,114,114
23,63,115,115
20,62,117,117
61,55,108,108
61,55,108,108
25,58,124,124
24,59,121,121
66,54,108,108
26,57,124,124
34,59,116,116
36,62,112,112
38,61,111,111
40,61,109,109
44,64,104,104
45,63,107,107
44,58,113,113
47,59,111,111
49,60,111,111
51,60,108,108
52,59,108,108
56,61,104,104
58,60,107,107
57,57,111,111
58,56,113,113
60,57,111,111
62,55,111,111
62,54,115,115
63,55,113,113
63,55,113,113
63,51,120,120
67,52,117,117
66,50,121,121
67,50,121,121
70,51,120,120
72,50,119,119
76,51,117,117
77,51,117,117
79,51,116,116
81,50,118,118
83,51,116,116
85,51,116,116
84,49,118,118
88,51,116,116
88,51,114,114
91,51,115,115
89,50,118,118
93,52,113,113
93,49,117,117
90,49,120,120
94,50,117,117
99,53,111,111
95,50,117,117
95,50,117,117
99,52,111,111
99,52,112,112
100,52,112,112
100,50,114,114
104,56,104,104
105,57,100,100
105,56,103,103
105,56,104,104
104,54,108,108
105,56,105,105
107,56,101,101
108,56,102,102
107,55,105,105
107,55,105,105
107,56,105,105
108,56,104,104
108,54,108,108
108,54,109,109
108,54,109,109
110,56,105,105
111,57,105,105
109,55,109,109
111,56,107,107
112,56,106,106
112,56,106,106
112,55,107,107
112,55,108,108
114,56,105,105
113,55,107,107
113,53,110,110
114,55,107,107
115,56,107,107
116,55,105,105
116,55,107,107
116,55,108,108
116,54,108,108
116,54,110,110
117,53,110,110
117,55,110,110
118,54,109,109
118,55,109,109
119,55,107,107
118,53,110,110
118,54,108,108
117,54,109,109
117,54,108,108
117,54,110,110
116,53,111,111
116,53,110,110
117,54,110,110
117,54,109,109
116,54,111,111
116,52,112,112
116,54,111,111
115,53,113,113
116,54,111,111
115,53,113,113
116,54,110,110
117,56,109,109
117,56,108,108
117,56,109,109
116,54,112,112
116,55,111,111
116,55,111,111
117,56,108,108
116,55,110,110
117,58,108,108
117,56,109,109
117,57,107,107
118,57,107,107
117,58,108,108
118,58,106,106
118,57,107,107
116,56,110,110
116,56,110,110
117,57,109,109
117,57,109,109
117,56,109,109
118,56,108,108
118,56,108,108
116,55,110,110
116,56,109,109
117,56,109,109
117,56,110,110
118,57,106,106
117,58,106,106
117,58,106,106
116,57,107,107
115,58,108,108
116,59,107,107
116,58,106,106
116,60,105,105
114,60,109,109
114,60,108,108
113,58,110,110
114,58,109,109
114,59,109,109
113,58,110,110
114,58,109,109
112,57,112,112
112,57,115,115
112,58,112,112
112,60,110,110
112,60,109,109
111,61,110,110
109,60,111,111
109,61,112,112
108,59,114,114
107,58,116,116
107,60,114,114
107,61,112,112
107,60,113,113
107,62,109,109
106,62,109,109
105,62,111,111
104,61,113,113
101,58,119,119
101,60,117,117
102,62,113,113
101,61,115,115
101,60,116,116
100,61,116,116
98,60,119,119
96,60,120,120
98,63,116,116
95,60,120,120
96,61,119,119
96,64,116,116
97,65,114,114
94,64,117,117
93,63,119,119
94,65,115,115
94,68,113,113
91,65,118,118
92,68,114,114
90,66,119,119
91,67,116,116
89,66,119,119
88,68,119,119
87,68,118,118
86,66,121,121
87,68,119,119
84,67,123,123
85,70,120,120
85,70,120,120
84,69,120,120
83,70,121,121
81,71,123,123
81,70,122,122
80,70,122,122
79,71,121,121
80,73,119,119
77,72,122,122
76,70,125,125
75,72,123,123
73,71,126,126
74,75,122,122
72,72,125,125
70,73,125,125
70,74,123,123
69,73,125,125
68,74,125,125
66,74,126,126
65,73,128,128
65,72,126,126
64,73,126,126
64,75,125,125
61,74,125,125
60,74,127,127
59,74,129,129
58,74,129,129
58,75,130,130
57,75,130,130
55,73,133,133
53,72,135,135
54,74,133,133
52,74,134,134
49,72,138,138
51,75,133,133
51,76,132,132
50,74,134,134
48,73,136,136
49,76,134,134
48,75,135,135
46,75,137,137
46,75,137,137
47,75,137,137
46,75,137,137
45,74,139,139
45,76,137,137
42,74,142,142
41,73,143,143
41,73,143,143
42,74,141,141
40,72,143,143
41,72,143,143
41,73,142,142
40,72,145,145
38,69,149,149
40,71,146,146
39,70,148,148
38,69,149,149
38,69,149,149
38,70,148,148
38,69,148,148
37,69,148,148
37,70,149,149
35,69,149,149
37,69,150,150
37,71,147,147
34,70,149,149
36,72,148,148
33,70,152,152
34,73,149,149
31,72,152,152
32,74,147,147
31,73,147,147
30,72,151,151
29,73,149,149
29,75,150,150
29,75,150,150
29,77,147,147
28,74,151,151
27,77,148,148
27,76,149,149
25,72,152,152
26,73,152,152
25,74,152,152
24,73,152,152
25,74,151,151
25,74,151,151
26,74,149,149
25,74,150,150
28,77,147,147
29,78,147,147
28,74,149,149
29,77,146,146
29,77,147,147
29,74,149,149
29,75,148,148
28,74,149,149
29,77,147,147
28,76,149,149
29,76,149,149
30,77,147,147
28,74,148,148
31,76,147,147
31,75,148,148
31,76,147,147
31,77,148,148
32,76,146,146
31,73,149,149
34,77,146,146
33,74,149,149
34,74,150,150
36,76,146,146
37,76,145,145
37,76,147,147
38,76,148,148
36,74,150,150
38,73,149,149
41,78,145,145
42,73,149,149
44,76,147,147
42,74,151,151
43,71,150,150
45,73,147,147
48,77,142,142
47,73,147,147
50,72,146,146
50,73,145,145
51,73,145,145
50,71,149,149
54,74,144,144
54,74,145,145
57,74,142,142
54,70,147,147
59,73,141,141
59,74,141,141
59,72,143,143
61,71,142,142
64,73,138,138
63,70,140,140
64,73,139,139
65,73,139,139
70,74,134,134
69,71,137,137
71,71,137,137
71,70,137,137
71,70,137,137
71,68,141,141
74,72,135,135
72,68,143,143
75,70,138,138
79,71,133,133
77,69,137,137
77,68,140,140
76,66,144,144
83,71,133,133
83,71,135,135
82,66,140,140
86,71,132,132
86,72,134,134
87,70,132,132
86,68,138,138
86,64,140,140
89,68,136,136
95,74,127,127
94,72,128,128
92,70,131,131
93,69,132,132
94,69,131,131
97,69,128,128
96,70,128,128
97,69,128,128
98,69,127,127
96,68,129,129
98,68,129,129
98,67,128,128
98,68,126,126
99,67,127,127
99,66,127,127
98,65,127,127
100,66,125,125
100,68,124,124
99,65,126,126
101,67,124,124
100,66,126,126
101,66,126,126
104,69,119,119
105,69,119,119
104,67,121,121
104,66,123,123
104,65,122,122
106,64,121,121
105,63,123,123
106,64,122,122
107,64,121,121
108,66,118,118
107,64,122,122
109,65,121,121
108,62,124,124
109,63,122,122
111,64,119,119
112,64,119,119
112,63,118,118
110,62,123,123
113,63,120,120
113,62,123,123
112,61,124,124
113,60,123,123
115,61,122,122
115,62,122,122
114,60,124,124
117,60,121,121
116,60,122,122
119,61,120,120
119,61,121,121
117,59,124,124
117,60,122,122
118,60,121,121
117,60,122,122
117,59,123,123
119,61,120,120
118,61,119,119
119,61,118,118
117,61,120,120
116,61,120,120
116,60,120,120
117,60,119,119
118,63,113,113
119,62,112,112
118,63,112,112
117,61,115,115
116,62,113,113
116,60,116,116
117,62,114,114
117,61,115,115
117,62,113,113
118,61,113,113
117,62,112,112
117,61,114,114
117,61,114,114
116,61,114,114
117,62,110,110
118,63,110,110
116,60,114,114
116,60,114,114
116,62,114,114
116,62,112,112
114,60,115,115
113,60,114,114
114,62,112,112
114,61,112,112
113,62,112,112
113,62,110,110
113,62,110,110
113,61,109,109
112,62,109,109
113,62,108,108
113,62,108,108
113,62,108,108
112,61,109,109
112,62,108,108
111,61,107,107
112,62,107,107
112,62,107,107
112,62,107,107
111,62,108,108
111,62,108,108
111,61,109,109
111,62,107,107
111,61,108,108
111,61,108,108
110,61,110,110
111,60,108,108
111,61,109,109
111,60,108,108
110,60,109,109
110,61,108,108
111,61,107,107
111,61,108,108
111,61,108,108
110,61,108,108
110,60,108,108
111,62,107,107
111,62,108,108
112,63,106,106
111,61,110,110
111,60,109,109
111,59,112,112
112,60,108,108
112,61,108,108
112,61,108,108
112,61,108,108
112,60,108,108
113,61,107,107
112,60,109,109
113,61,108,108
114,61,107,107
114,61,107,107
114,61,108,108
113,60,110,110
114,60,109,109
114,61,108,108
113,60,109,109
113,60,109,109
112,58,113,113
113,57,113,113
112,58,113,113
113,59,112,112
113,59,112,112
113,59,111,111
113,58,111,111
113,58,111,111
113,58,111,111
112,57,115,115
113,57,112,112
112,58,112,112
113,59,109,109
113,58,112,112
112,58,111,111
111,57,115,115
113,60,110,110
113,58,111,111
113,59,110,110
114,59,109,109
114,60,107,107
113,59,109,109
113,59,110,110
112,59,111,111
113,60,108,108
112,59,111,111
113,59,110,110
112,58,112,112
113,59,111,111
114,60,110,110
112,59,111,111
113,59,111,111
112,57,113,113
113,58,111,111
113,58,110,110
113,58,111,111
113,59,110,110
113,59,110,110
114,60,109,109
115,61,108,108
115,61,108,108
112,57,114,114
114,61,109,109
114,60,110,110
115,61,108,108
114,59,111,111
113,58,114,114
114,59,112,112
113,58,114,114
116,60,111,111
114,58,112,112
116,60,109,109
115,59,111,111
116,60,109,109
116,59,110,110
114,58,112,112
115,58,112,112
116,59,111,111
115,57,113,113
114,57,114,114
116,59,112,112
116,59,111,111
114,58,113,113
116,59,111,111
113,57,115,115
114,58,112,112
114,57,114,114
115,58,111,111
116,59,109,109
117,60,108,108
117,61,106,106
114,57,113,113
115,57,113,113
116,58,111,111
116,59,110,110
116,59,110,110
115,57,112,112
118,61,106,106
116,59,110,110
116,60,109,109
116,58,111,111
116,59,111,111
116,59,111,111
116,59,110,110
117,58,111,111
118,60,110,110
117,61,109,109
119,60,108,108
118,61,108,108
118,59,110,110
118,60,110,110
118,59,111,111
118,59,111,111
117,58,113,113
115,56,117,117
115,56,117,117
118,58,113,113
117,58,115,115
117,57,115,115
118,57,113,113
117,57,114,114
117,57,115,115
119,58,110,110
118,58,113,113
120,59,111,111
120,58,109,109
120,57,110,110
119,57,110,110
120,59,107,107
119,58,111,111
121,60,106,106
119,57,113,113
120,58,111,111
120,58,110,110
120,58,111,111
119,58,112,112
119,58,112,112
118,58,113,113
120,59,110,110
120,58,113,113
120,60,109,109
121,60,107,107
119,58,111,111
120,59,109,109
119,58,110,110
119,56,111,111
120,56,112,112
120,56,112,112
120,59,112,112
120,60,109,109
120,57,112,112
120,57,112,112
118,58,113,113
123,61,106,106
125,62,102,102
123,60,104,104
121,60,107,107
120,59,109,109
122,61,104,104
123,62,102,102
120,61,107,107
121,61,105,105
121,60,105,105
121,60,108,108
120,60,108,108
118,57,113,113
121,59,109,109
119,58,112,112
120,60,108,108
120,59,109,109
121,59,108,108
118,58,112,112
120,60,107,107
119,59,111,111
120,59,110,110
120,59,110,110
123,62,104,104
119,61,108,108
120,62,108,108
122,61,107,107
121,60,109,109
121,61,106,106
121,61,106,106
121,60,108,108
120,60,108,108
119,61,109,109
120,61,106,106
121,60,106,106
120,60,107,107
119,62,104,104
118,61,107,107
119,60,109,109
119,60,110,110
121,60,108,108
120,60,108,108
121,62,104,104
121,61,106,106
122,61,105,105
122,60,106,106
122,61,105,105
121,61,108,108
123,61,107,107
121,62,108,108
119,60,112,112
119,60,111,111
119,61,112,112
120,61,111,111
118,60,114,114
118,60,115,115
119,60,112,112
119,61,112,112
120,60,112,112
120,61,111,111
120,62,111,111
117,61,114,114
118,62,112,112
118,62,112,112
118,63,110,110
119,64,108,108
119,64,109,109
119,64,109,109
119,64,109,109
118,63,109,109
118,63,109,109
119,64,109,109
119,64,109,109
120,65,108,108
120,65,109,109
119,64,109,109
120,64,110,110
120,64,110,110
119,62,113,113
120,63,109,109
120,64,109,109
120,61,112,112
119,61,113,113
120,62,111,111
119,62,112,112
118,60,115,115
117,59,116,116
117,59,115,115
117,59,115,115
118,61,112,112
118,61,113,113
118,59,113,113
118,60,113,113
118,59,114,114
117,59,114,114
118,60,113,113
118,58,115,115
118,60,112,112
118,59,114,114
119,59,113,113
118,59,113,113
117,59,116,116
117,58,116,116
117,59,115,115
120,60,112,112
118,61,109,109
119,60,112,112
118,60,113,113
117,58,115,115
118,60,112,112
118,59,113,113
117,58,116,116
118,61,111,111
118,60,111,111
118,60,111,111
118,60,111,111
117,60,112,112
117,60,113,113
118,60,112,112
118,60,111,111
117,60,112,112
118,60,110,110
117,59,114,114
118,60,112,112
118,58,113,113
117,58,115,115
118,59,113,113
118,58,113,113
119,60,111,111
118,59,111,111
118,59,113,113
118,59,112,112
117,58,113,113
118,58,113,113
119,59,112,112
119,60,111,111
119,59,111,111
119,59,111,111
119,58,113,113
119,60,110,110
118,59,112,112
118,58,111,111
118,58,111,111
120,60,108,108
121,59,107,107
120,58,110,110
119,57,111,111
119,57,112,112
120,58,109,109
119,58,111,111
120,59,110,110
118,57,110,110
118,57,110,110
120,58,107,107
120,56,109,109
119,58,108,108
121,58,106,106
121,57,107,107
120,55,110,110
120,57,106,106
121,57,105,105
121,57,106,106
122,57,105,105
122,57,103,103
121,56,104,104
121,56,104,104
122,56,103,103
122,57,102,102
124,57,100,100
124,57,101,101
123,55,101,101
123,55,101,101
123,55,100,100
125,57,99,99
124,56,98,98
124,57,98,98
125,57,97,97
125,58,96,96
125,57,96,96
122,55,99,99
124,55,97,97
123,56,98,98
123,56,96,96
123,55,97,97
124,56,96,96
122,55,97,97
124,56,95,95
123,56,95,95
124,55,95,95
123,55,93,93
123,55,93,93
123,55,93,93
124,55,93,93
124,55,93,93
123,55,94,94
124,57,90,90
124,57,90,90
125,56,90,90
124,56,90,90
124,58,88,88
125,58,89,89
125,58,86,86
124,57,88,88
126,61,82,82
126,60,83,83
124,59,87,87
125,60,83,83
126,60,82,82
126,62,81,81
127,63,78,78
130,64,75,75
125,64,79,79
123,60,82,82
125,61,79,79
124,60,80,80
112,42,106,106
113,46,104,104
112,44,106,106
112,44,106,106
112,44,106,106
112,44,106,106
112,44,106,106
113,45,104,104
112,45,104,104
112,45,104,104
112,45,104,104
113,45,104,104
113,45,104,104
113,44,104,104
114,46,101,101
113,46,101,101
112,46,101,101
114,47,99,99
114,47,99,99
114,47,99,99
113,48,99,99
114,47,99,99
114,48,98,98
114,48,99,99
113,48,99,99
115,48,98,98
114,48,99,99
113,48,99,99
115,48,98,98
114,48,99,99
115,48,98,98
114,48,99,99
113,48,99,99
115,48,98,98
114,48,99,99
114,48,99,99
115,47,99,99
114,48,99,99
115,48,98,98
115,48,99,99
116,48,98,98
115,48,99,99
116,48,98,98
115,48,99,99
115,48,98,98
115,48,99,99
115,48,98,98
115,48,99,99
116,48,98,98
115,48,99,99
116,48,98,98
114,48,99,99
114,48,99,99
114,48,99,99
114,48,99,99
113,48,99,99
114,48,98,98
113,48,99,99
112,47,101,101
112,48,99,99
111,48,99,99
111,48,99,99
110,47,101,101
109,48,99,99
108,47,101,101
107,47,101,101
106,48,99,99
106,48,99,99
105,48,99,99
103,48,101,101
103,47,101,101
101,47,104,104
101,48,101,101
101,47,101,101
100,47,101,101
98,48,101,101
97,47,101,101
97,47,101,101
107,65,79,79
93,47,104,104
106,67,75,75
91,47,104,104
91,47,104,104
88,47,106,106
87,46,106,106
86,46,106,106
85,46,106,106
96,66,79,79
72,38,80,80
80,44,108,108
67,34,84,84
98,67,70,70
90,62,81,81
93,67,73,73
66,34,83,83
64,32,86,86
90,64,77,77
66,32,84,84
93,68,68,68
90,65,72,72
88,64,75,75
90,66,71,71
88,64,72,72
86,63,73,73
83,63,77,77
83,62,77,77
80,61,79,79
80,62,77,77
80,62,75,75
80,63,72,72
78,65,70,70
77,64,72,72
74,64,72,72
72,63,73,73
71,64,72,72
70,64,71,71
69,64,71,71
67,64,73,73
66,64,72,72
65,65,71,71
65,65,71,71
65,65,70,70
62,65,73,73
61,64,74,74
60,64,74,74
58,65,75,75
59,65,72,72
57,66,73,73
55,65,74,74
57,65,74,74
56,66,73,73
55,66,73,73
56,67,68,68
53,66,72,72
52,66,74,74
50,65,76,76
51,67,73,73
52,67,71,71
52,68,70,70
50,67,72,72
51,67,71,71
51,67,73,73
50,66,75,75
53,66,74,74
52,65,76,76
53,66,74,74
54,67,72,72
55,66,74,74
54,64,77,77
56,65,75,75
57,66,75,75
60,66,72,72
62,66,72,72
62,66,73,73
64,65,74,74
65,64,75,75
67,66,72,72
69,65,73,73
68,64,76,76
70,65,74,74
70,63,79,79
72,64,76,76
74,64,76,76
75,65,77,77
77,64,76,76
79,65,75,75
79,64,77,77
80,63,77,77
81,64,76,76
81,62,80,80
85,64,75,75
87,65,75,75
86,62,80,80
90,64,76,76
65,29,86,86
71,32,81,81
75,32,79,79
67,31,86,86
97,63,77,77
98,62,79,79
101,63,77,77
103,62,77,77
104,62,77,77
105,62,79,79
108,61,78,78
108,60,81,81
114,63,74,74
112,61,80,80
116,62,77,77
117,61,79,79
120,60,77,77
122,62,76,76
120,61,79,79
123,60,78,78
122,60,81,81
124,62,80,80
128,61,76,76
128,60,79,79
131,60,78,78
132,61,80,80
134,61,77,77
136,61,78,78
136,58,82,82
138,60,79,79
140,60,78,78
144,62,74,74
144,61,78,78
144,59,78,78
149,61,75,75
149,59,78,78
149,59,80,80
152,60,77,77
156,62,76,76
159,64,72,72
156,59,80,80
159,59,79,79
160,60,77,77
139,30,79,79
161,58,81,81
162,56,82,82
167,59,75,75
166,59,79,79
152,38,108,108
171,58,79,79
156,38,108,108
171,58,85,85
158,38,110,110
180,61,76,76
161,37,110,110
179,58,83,83
164,38,110,110
166,38,110,110
169,38,110,110
170,38,110,110
191,62,76,76
189,59,80,80
189,61,84,84
174,37,110,110
175,37,110,110
192,62,80,80
193,62,79,79
177,37,110,110
178,38,110,110
178,38,110,110
179,38,110,110
180,38,110,110
181,37,110,110
182,38,110,110
183,37,110,110
185,38,108,108
184,38,110,110
184,36,112,112
186,37,110,110
186,38,110,110
186,38,110,110
187,37,110,110
187,37,110,110
187,38,110,110
187,38,110,110
186,37,110,110
186,37,110,110
184,37,110,110
183,38,110,110
182,38,110,110
182,38,110,110
180,37,112,112
180,37,112,112
177,36,114,114
177,38,110,110
191,60,80,80
193,61,79,79
190,60,81,81
190,60,79,79
187,61,80,80
168,38,110,110
181,57,84,84
164,38,110,110
177,57,89,89
162,38,110,110
157,38,110,110
172,60,83,83
170,58,83,83
170,59,82,82
164,57,91,91
149,38,110,110
148,38,110,110
146,39,110,110
145,38,110,110
160,57,84,84
162,58,79,79
161,61,78,78
138,38,110,110
156,61,78,78
155,60,78,78
151,60,80,80
150,59,79,79
130,38,110,110
148,62,76,76
144,60,81,81
141,59,81,81
140,58,83,83
139,61,79,79
135,60,84,84
136,60,79,79
133,61,80,80
129,60,84,84
130,62,80,80
126,61,81,81
126,60,82,82
118,57,92,92
121,61,83,83
122,63,79,79
122,64,79,79
122,64,78,78
116,59,87,87
116,61,85,85
118,63,80,80
117,64,79,79
116,62,82,82
117,63,81,81
115,63,81,81
116,64,79,79
116,64,81,81
113,63,83,83
114,64,83,83
113,64,85,85
116,65,81,81
113,63,85,85
111,62,88,88
112,64,84,84
113,65,84,84
113,65,82,82
112,63,87,87
108,59,94,94
109,62,90,90
110,62,89,89
113,65,85,85
112,64,86,86
110,62,90,90
110,62,91,91
110,62,91,91
109,61,92,92
110,61,92,92
109,61,93,93
109,60,95,95
108,61,93,93
110,62,91,91
109,62,92,92
109,61,94,94
110,61,94,94
109,61,94,94
108,60,96,96
110,60,96,96
110,62,93,93
111,63,92,92
111,62,93,93
111,62,92,92
109,62,95,95
111,63,94,94
110,62,95,95
110,62,96,96
110,62,98,98
111,62,95,95
110,62,98,98
110,62,97,97
109,63,98,98
110,63,99,99
108,62,101,101
109,63,100,100
109,63,101,101
110,63,99,99
109,61,101,101
110,62,102,102
111,62,101,101
112,64,100,100
111,62,103,103
111,62,103,103
112,62,101,101
112,63,101,101
113,63,101,101
114,63,99,99
115,64,100,100
114,62,102,102
115,62,102,102
116,63,100,100
116,63,100,100
117,65,100,100
115,62,102,102
115,62,101,101
115,62,103,103
116,63,101,101
115,62,102,102
116,63,100,100
115,63,102,102
115,62,102,102
115,62,103,103
116,64,101,101
115,63,102,102
116,63,102,102
117,64,100,100
117,63,103,103
117,64,102,102
117,63,103,103
117,64,102,102
118,65,100,100
119,65,101,101
119,65,101,101
118,65,101,101
120,65,100,100
121,66,99,99
120,64,102,102
119,64,103,103
119,63,102,102
119,63,104,104
120,64,100,100
119,63,103,103
121,65,100,100
121,64,99,99
121,65,100,100
120,64,101,101
119,63,103,103
121,65,101,101
120,63,102,102
119,63,105,105
119,63,103,103
120,64,101,101
118,61,105,105
119,63,104,104
121,65,101,101
120,64,100,100
120,64,101,101
119,62,103,103
121,66,100,100
121,66,100,100
119,63,102,102
117,62,105,105
117,61,106,106
118,62,104,104
118,62,106,106
118,62,106,106
121,65,101,101
120,64,102,102
119,63,104,104
119,61,105,105
121,64,100,100
117,62,106,106
118,62,106,106
118,61,107,107
118,61,107,107
117,61,107,107
118,62,106,106
119,63,106,106
118,61,107,107
118,61,107,107
117,61,108,108
121,62,103,103
121,62,103,103
121,62,103,103
120,61,106,106
120,61,106,106
121,62,105,105
121,63,105,105
120,62,106,106
119,62,106,106
120,63,105,105
120,62,104,104
120,62,105,105
121,62,105,105
121,63,104,104
121,62,105,105
121,63,104,104
121,63,104,104
122,64,102,102
121,63,104,104
120,62,105,105
120,62,104,104
119,63,105,105
120,63,104,104
119,62,104,104
119,63,104,104
116,60,112,112
117,60,110,110
117,61,108,108
117,61,110,110
117,60,109,109
118,62,108,108
118,60,110,110
116,58,114,114
115,58,116,116
119,59,110,110
117,57,115,115
119,58,112,112
122,59,110,110
121,58,111,111
120,56,114,114
121,56,113,113
119,55,121,121
120,55,120,120
121,57,117,117
123,54,116,116
125,55,115,115
127,57,112,112
125,56,114,114
126,56,114,114
125,56,111,111
121,55,114,114
126,56,114,114
125,56,116,116
126,59,110,110
123,56,112,112
120,55,117,117
121,56,112,112
121,57,113,113
121,60,109,109
122,59,107,107
120,60,109,109
119,60,107,107
120,63,103,103
118,63,103,103
117,64,102,102
114,63,104,104
113,66,100,100
111,62,104,104
111,65,102,102
111,65,100,100
111,66,100,100
109,66,99,99
109,65,99,99
105,64,103,103
106,65,102,102
105,63,104,104
106,65,100,100
105,64,101,101
104,63,103,103
105,64,102,102
105,63,104,104
106,65,101,101
106,64,101,101
105,65,102,102
106,64,103,103
109,66,99,99
109,64,102,102
110,65,102,102
111,65,102,102
110,64,102,102
112,65,100,100
113,65,100,100
112,62,104,104
113,65,102,102
113,64,103,103
116,65,102,102
114,64,102,102
116,66,101,101
116,65,101,101
